Your ArmNN library instance does not support Onnx models parser functionality.  Skipped IOnnxParser import.
1500000
Working with ARMNN 28.0.0

tensor id: 0,
tensor info: TensorInfo{DataType: 1, IsQuantized: 0, QuantizationScale: 0.000000, QuantizationOffset: 0, IsConstant: 1, NumDimensions: 4, NumElements: 150528}

0 2000000
0 600000000
0 54000
0 52000
0 52000
0 55000
0 44000
0
n01440764 ILSVRC2012_val_00002138.JPEG.npy 0.41191750500001945 n02167151
1500000
0 2000000
0 600000000
0 59000
0 56000
0 58000
0 61000
0 46000
0
n01440764 ILSVRC2012_val_00000293.JPEG.npy 0.3648121399996853 n01695060
1500000
0 2000000
0 600000000
0 60000
0 57000
0 59000
0 63000
0 47000
0
n01443537 ILSVRC2012_val_00000236.JPEG.npy 0.39430102900041675 n01950731
300000
0 2000000
0 600000000
0 61000
0 58000
0 60000
0 64000
0 47000
0
n01443537 ILSVRC2012_val_00000262.JPEG.npy 0.40666606700006014 n04296562
200000
0 2000000
0 600000000
0 59000
0 58000
0 60000
0 63000
0 47000
0
n01484850 ILSVRC2012_val_00002752.JPEG.npy 0.3902431279998382 n01484850
300000
0 2000000
0 600000000
0 62000
0 59000
0 62000
0 65000
0 48000
0
n01484850 ILSVRC2012_val_00002338.JPEG.npy 0.3785250470000392 n01484850
1500000
0 2000000
0 600000000
0 62000
0 59000
0 66000
0 66000
0 49000
0
n01491361 ILSVRC2012_val_00002922.JPEG.npy 0.42976810499976636 n01484850
400000
0 2000000
0 600000000
0 62000
0 59000
0 64000
0 67000
0 48000
0
n01491361 ILSVRC2012_val_00002969.JPEG.npy 0.3829933219999475 n01484850
300000
0 2000000
0 600000000
0 62000
0 60000
0 62000
0 66000
0 49000
0
n01494475 ILSVRC2012_val_00003558.JPEG.npy 0.3880776360001619 n01494475
400000
0 2000000
0 600000000
0 63000
0 60000
0 63000
0 67000
0 49000
0
n01494475 ILSVRC2012_val_00001676.JPEG.npy 0.4155038260000765 n02536864
400000
0 2000000
0 600000000
0 62000
0 60000
0 63000
0 66000
0 49000
0
n01496331 ILSVRC2012_val_00000921.JPEG.npy 0.3905596690001403 n01496331
300000
0 2000000
0 600000000
0 65000
0 61000
0 64000
0 68000
0 50000
0
n01496331 ILSVRC2012_val_00002207.JPEG.npy 0.3938546139997925 n01496331
300000
0 2000000
0 600000000
0 63000
0 61000
0 64000
0 68000
0 50000
0
n01498041 ILSVRC2012_val_00001935.JPEG.npy 0.42196146700007375 n01498041
600000
0 2000000
0 600000000
0 64000
0 61000
0 64000
0 68000
0 50000
0
n01498041 ILSVRC2012_val_00002284.JPEG.npy 0.3929130759997861 n01496331
1500000
0 2000000
0 600000000
0 64000
0 61000
0 64000
0 67000
0 50000
0
n01514668 ILSVRC2012_val_00000911.JPEG.npy 0.46001866000005975 n01514668
300000
0 2000000
0 600000000
0 64000
0 61000
0 64000
0 67000
0 50000
0
n01514668 ILSVRC2012_val_00000329.JPEG.npy 0.3935692410000229 n01514668
1500000
0 2000000
0 600000000
0 64000
0 61000
0 64000
0 68000
0 51000
0
n01514859 ILSVRC2012_val_00001368.JPEG.npy 0.3830827789997784 n01514859
300000
0 2000000
0 600000000
0 66000
0 62000
0 66000
0 69000
0 51000
0
n01514859 ILSVRC2012_val_00001114.JPEG.npy 0.3983141810003872 n01514859
300000
0 2000000
0 600000000
0 64000
0 62000
0 66000
0 69000
0 51000
0
n01518878 ILSVRC2012_val_00001031.JPEG.npy 0.39106974999958766 n01518878
300000
0 2000000
0 600000000
0 65000
0 62000
0 65000
0 69000
0 51000
0
n01518878 ILSVRC2012_val_00001398.JPEG.npy 0.4459097529997962 n01518878
1500000
0 2000000
0 600000000
0 64000
0 62000
0 64000
0 68000
0 51000
0
n01530575 ILSVRC2012_val_00000651.JPEG.npy 0.4126241700000719 n01530575
200000
0 2000000
0 600000000
0 63000
0 62000
0 66000
0 70000
0 51000
0
n01530575 ILSVRC2012_val_00000747.JPEG.npy 0.38441606600008527 n01530575
300000
0 2000000
0 600000000
0 66000
0 62000
0 66000
0 68000
0 51000
0
n01531178 ILSVRC2012_val_00000570.JPEG.npy 0.3890558400003101 n01531178
200000
0 2000000
0 600000000
0 66000
0 62000
0 66000
0 70000
0 51000
0
n01531178 ILSVRC2012_val_00001274.JPEG.npy 0.3969237690002956 n01531178
1500000
0 2000000
0 600000000
0 66000
0 62000
0 65000
0 68000
0 52000
0
n01532829 ILSVRC2012_val_00001556.JPEG.npy 0.3976513510001496 n01532829
1500000
0 2000000
0 600000000
0 67000
0 63000
0 66000
0 70000
0 52000
0
n01532829 ILSVRC2012_val_00000873.JPEG.npy 0.3885748009997769 n01532829
300000
0 2000000
0 600000000
0 66000
0 62000
0 66000
0 69000
0 52000
0
n01534433 ILSVRC2012_val_00000247.JPEG.npy 0.3935324910003146 n01534433
1500000
0 2000000
0 600000000
0 66000
0 63000
0 66000
0 70000
0 52000
0
n01534433 ILSVRC2012_val_00000713.JPEG.npy 0.38668639099978463 n01534433
1400000
0 2000000
0 600000000
0 65000
0 63000
0 65000
0 70000
0 52000
0
n01537544 ILSVRC2012_val_00001462.JPEG.npy 0.38925138200011133 n01537544
1500000
0 2000000
0 600000000
0 67000
0 63000
0 67000
0 70000
0 52000
0
n01537544 ILSVRC2012_val_00000414.JPEG.npy 0.5021889599997849 n01537544
700000
0 2000000
0 600000000
0 65000
0 63000
0 65000
0 69000
0 52000
0
n01558993 ILSVRC2012_val_00001598.JPEG.npy 0.39215957899978093 n01558993
1500000
0 2000000
0 600000000
0 67000
0 63000
0 66000
0 70000
0 52000
0
n01558993 ILSVRC2012_val_00002825.JPEG.npy 0.44516833899979247 n01558993
300000
0 2000000
0 600000000
0 66000
0 63000
0 66000
0 69000
0 52000
0
n01560419 ILSVRC2012_val_00000198.JPEG.npy 0.38803417700000864 n01560419
1500000
0 2000000
0 600000000
0 67000
0 63000
0 67000
0 71000
0 52000
0
n01560419 ILSVRC2012_val_00000217.JPEG.npy 0.3852066049998939 n01560419
1400000
0 2000000
0 600000000
0 66000
0 63000
0 67000
0 70000
0 52000
0
n01580077 ILSVRC2012_val_00001084.JPEG.npy 0.41069909299994833 n01580077
200000
0 2000000
0 600000000
0 65000
0 63000
0 67000
0 71000
0 52000
0
n01580077 ILSVRC2012_val_00000880.JPEG.npy 0.41956351899989386 n01580077
300000
0 2000000
0 600000000
0 65000
0 63000
0 67000
0 71000
0 52000
0
n01582220 ILSVRC2012_val_00000476.JPEG.npy 0.3922152449999885 n01582220
800000
0 2000000
0 600000000
0 67000
0 64000
0 67000
0 71000
0 52000
0
n01582220 ILSVRC2012_val_00000963.JPEG.npy 0.39793134899991855 n01582220
1500000
0 2000000
0 600000000
0 67000
0 64000
0 66000
0 70000
0 53000
0
n01592084 ILSVRC2012_val_00000837.JPEG.npy 0.3870924309999282 n01592084
300000
0 2000000
0 600000000
0 66000
0 64000
0 68000
0 71000
0 53000
0
n01592084 ILSVRC2012_val_00002681.JPEG.npy 0.42404475099965566 n01592084
1500000
0 2000000
0 600000000
0 69000
0 64000
0 71000
0 72000
0 53000
0
n01601694 ILSVRC2012_val_00002872.JPEG.npy 0.5563525079996907 n01601694
200000
0 2000000
0 600000000
0 66000
0 64000
0 66000
0 70000
0 53000
0
n01601694 ILSVRC2012_val_00000962.JPEG.npy 0.44858399300028395 n01601694
300000
0 2000000
0 600000000
0 65000
0 63000
0 65000
0 69000
0 52000
0
n01608432 ILSVRC2012_val_00000328.JPEG.npy 0.44123227099998985 n01608432
300000
0 2000000
0 600000000
0 65000
0 63000
0 66000
0 69000
0 52000
0
n01608432 ILSVRC2012_val_00000073.JPEG.npy 0.42298067199999423 n01608432
300000
0 2000000
0 600000000
0 65000
0 63000
0 65000
0 69000
0 52000
0
n01614925 ILSVRC2012_val_00002031.JPEG.npy 0.4396352769999794 n01614925
200000
0 2000000
0 600000000
0 67000
0 60000
0 69000
0 70000
0 52000
0
n01614925 ILSVRC2012_val_00000128.JPEG.npy 0.4074726059998284 n01608432
200000
0 2000000
0 600000000
0 67000
0 60000
0 68000
0 70000
0 52000
0
n01616318 ILSVRC2012_val_00000025.JPEG.npy 0.43075006000026406 n01616318
200000
0 2000000
0 600000000
0 67000
0 60000
0 69000
0 71000
0 52000
0
n01616318 ILSVRC2012_val_00000018.JPEG.npy 0.5297303570000622 n01608432
300000
0 2000000
0 600000000
0 67000
0 59000
0 68000
0 70000
0 52000
0
n01622779 ILSVRC2012_val_00001213.JPEG.npy 0.43943236099994465 n01622779
200000
0 2000000
0 600000000
0 67000
0 60000
0 69000
0 71000
0 52000
0
n01622779 ILSVRC2012_val_00000318.JPEG.npy 0.42554482900004587 n01622779
200000
0 2000000
0 600000000
0 67000
0 61000
0 70000
0 71000
0 52000
0
n01629819 ILSVRC2012_val_00000890.JPEG.npy 0.4398697759997958 n01629819
300000
0 2000000
0 600000000
0 67000
0 60000
0 69000
0 71000
0 52000
0
n01629819 ILSVRC2012_val_00000225.JPEG.npy 0.43377321599973584 n01629819
300000
0 2000000
0 600000000
0 67000
0 59000
0 68000
0 70000
0 52000
0
n01630670 ILSVRC2012_val_00000498.JPEG.npy 0.42087880499957464 n01630670
200000
0 2000000
0 600000000
0 67000
0 60000
0 69000
0 71000
0 52000
0
n01630670 ILSVRC2012_val_00002774.JPEG.npy 0.43289426000001185 n01632458
400000
0 2000000
0 600000000
0 67000
0 59000
0 68000
0 70000
0 52000
0
n01631663 ILSVRC2012_val_00000276.JPEG.npy 0.43028077000008125 n01631663
300000
0 2000000
0 600000000
0 67000
0 60000
0 69000
0 71000
0 52000
0
n01631663 ILSVRC2012_val_00000258.JPEG.npy 0.4363273310000295 n01631663
200000
0 2000000
0 600000000
0 67000
0 60000
0 68000
0 70000
0 52000
0
n01632458 ILSVRC2012_val_00001131.JPEG.npy 0.4413364370002455 n01632458
300000
0 2000000
0 600000000
0 67000
0 60000
0 69000
0 71000
0 52000
0
n01632458 ILSVRC2012_val_00000088.JPEG.npy 0.430484269000317 n04275548
300000
0 2000000
0 600000000
0 67000
0 59000
0 67000
0 70000
0 52000
0
n01632777 ILSVRC2012_val_00001138.JPEG.npy 0.43058635199986384 n01632777
400000
0 2000000
0 600000000
0 67000
0 60000
0 69000
0 70000
0 52000
0
n01632777 ILSVRC2012_val_00000052.JPEG.npy 0.44560008799999196 n01632777
300000
0 2000000
0 600000000
0 67000
0 59000
0 68000
0 70000
0 52000
0
n01641577 ILSVRC2012_val_00001652.JPEG.npy 0.4463378770001327 n01641577
200000
0 2000000
0 600000000
0 67000
0 60000
0 69000
0 71000
0 52000
0
n01641577 ILSVRC2012_val_00003748.JPEG.npy 0.4422841000000517 n01641577
200000
0 2000000
0 600000000
0 67000
0 59000
0 68000
0 70000
0 52000
0
n01644373 ILSVRC2012_val_00000944.JPEG.npy 0.44964898899979744 n01644373
200000
0 2000000
0 600000000
0 67000
0 60000
0 69000
0 70000
0 52000
0
n01644373 ILSVRC2012_val_00001739.JPEG.npy 0.4449842149997494 n01644373
300000
0 2000000
0 600000000
0 64000
0 63000
0 66000
0 69000
0 52000
0
n01644900 ILSVRC2012_val_00001938.JPEG.npy 0.44033798299960836 n01641577
300000
0 2000000
0 600000000
0 66000
0 64000
0 66000
0 70000
0 52000
0
n01644900 ILSVRC2012_val_00000037.JPEG.npy 0.44253768199996557 n01630670
400000
0 2000000
0 600000000
0 65000
0 63000
0 65000
0 69000
0 52000
0
n01664065 ILSVRC2012_val_00000958.JPEG.npy 0.4437067610001577 n02361337
300000
0 2000000
0 600000000
0 66000
0 63000
0 66000
0 69000
0 52000
0
n01664065 ILSVRC2012_val_00000404.JPEG.npy 0.44468909200031703 n01665541
400000
0 2000000
0 600000000
0 65000
0 63000
0 65000
0 68000
0 52000
0
n01665541 ILSVRC2012_val_00000791.JPEG.npy 0.44585125399999015 n02317335
200000
0 2000000
0 600000000
0 65000
0 64000
0 66000
0 69000
0 52000
0
n01665541 ILSVRC2012_val_00000930.JPEG.npy 0.4343082550003601 n01665541
400000
0 2000000
0 600000000
0 65000
0 60000
0 68000
0 73000
0 52000
0
n01667114 ILSVRC2012_val_00001636.JPEG.npy 0.44228301700013617 n02454379
400000
0 2000000
0 600000000
0 65000
0 60000
0 69000
0 73000
0 52000
0
n01667114 ILSVRC2012_val_00000229.JPEG.npy 0.5477907899999082 n07802026
700000
0 2000000
0 600000000
0 66000
0 60000
0 70000
0 74000
0 53000
0
n01667778 ILSVRC2012_val_00002832.JPEG.npy 0.44691083299994716 n01669191
300000
0 2000000
0 600000000
0 66000
0 60000
0 69000
0 73000
0 52000
0
n01667778 ILSVRC2012_val_00005799.JPEG.npy 0.44270297299999584 n01669191
300000
0 2000000
0 600000000
0 65000
0 60000
0 72000
0 70000
0 52000
0
n01669191 ILSVRC2012_val_00001649.JPEG.npy 0.43553370900008304 n01986214
300000
0 2000000
0 600000000
0 66000
0 60000
0 72000
0 71000
0 53000
0
n01669191 ILSVRC2012_val_00000362.JPEG.npy 0.44028031600009854 n01669191
300000
0 2000000
0 600000000
0 65000
0 60000
0 72000
0 71000
0 53000
0
n01675722 ILSVRC2012_val_00003904.JPEG.npy 0.4390716950001661 n01675722
300000
0 2000000
0 600000000
0 66000
0 60000
0 72000
0 71000
0 53000
0
n01675722 ILSVRC2012_val_00004638.JPEG.npy 0.4462146689998008 n01675722
300000
0 2000000
0 600000000
0 65000
0 60000
0 72000
0 70000
0 53000
0
n01677366 ILSVRC2012_val_00000471.JPEG.npy 0.4501861960002316 n01677366
300000
0 2000000
0 600000000
0 65000
0 60000
0 72000
0 71000
0 53000
0
n01677366 ILSVRC2012_val_00000153.JPEG.npy 0.45029552899995906 n01677366
300000
0 2000000
0 600000000
0 65000
0 60000
0 72000
0 70000
0 52000
0
n01682714 ILSVRC2012_val_00001942.JPEG.npy 0.44989536400044017 n01693334
300000
0 2000000
0 600000000
0 66000
0 60000
0 72000
0 71000
0 53000
0
n01682714 ILSVRC2012_val_00001931.JPEG.npy 0.45213197999964905 n01693334
300000
0 2000000
0 600000000
0 65000
0 60000
0 72000
0 71000
0 53000
0
n01685808 ILSVRC2012_val_00004757.JPEG.npy 0.44110364700009086 n01685808
200000
0 2000000
0 600000000
0 66000
0 60000
0 72000
0 72000
0 52000
0
n01685808 ILSVRC2012_val_00000908.JPEG.npy 0.44479250700032935 n01685808
300000
0 2000000
0 600000000
0 65000
0 60000
0 72000
0 71000
0 53000
0
n01687978 ILSVRC2012_val_00003821.JPEG.npy 0.4320440139999846 n01688243
300000
0 2000000
0 600000000
0 66000
0 60000
0 73000
0 72000
0 53000
0
n01687978 ILSVRC2012_val_00005031.JPEG.npy 0.42475791599963486 n01687978
300000
0 2000000
0 600000000
0 66000
0 60000
0 72000
0 71000
0 53000
0
n01688243 ILSVRC2012_val_00000297.JPEG.npy 0.44073127299998305 n04208210
200000
0 2000000
0 600000000
0 66000
0 61000
0 73000
0 71000
0 53000
0
n01688243 ILSVRC2012_val_00000978.JPEG.npy 0.4436915950000184 n02787622
200000
0 2000000
0 600000000
0 66000
0 60000
0 72000
0 71000
0 53000
0
n01689811 ILSVRC2012_val_00001022.JPEG.npy 0.4451833399998577 n01689811
300000
0 2000000
0 600000000
0 66000
0 60000
0 73000
0 72000
0 53000
0
n01689811 ILSVRC2012_val_00001645.JPEG.npy 0.44444421699972736 n01689811
200000
0 2000000
0 600000000
0 65000
0 60000
0 72000
0 71000
0 53000
0
n01692333 ILSVRC2012_val_00001475.JPEG.npy 0.44256726600042384 n01692333
300000
0 2000000
0 600000000
0 66000
0 60000
0 73000
0 72000
0 53000
0
n01692333 ILSVRC2012_val_00004505.JPEG.npy 0.42497574900016843 n01692333
300000
0 2000000
0 600000000
0 65000
0 60000
0 73000
0 72000
0 53000
0
n01693334 ILSVRC2012_val_00000683.JPEG.npy 0.379932331999953 n01677366
1500000
0 2000000
0 600000000
0 68000
0 62000
0 74000
0 74000
0 54000
0
n01693334 ILSVRC2012_val_00000064.JPEG.npy 0.45123077500011277 n01693334
400000
0 2000000
0 600000000
0 66000
0 61000
0 74000
0 72000
0 53000
0
n01694178 ILSVRC2012_val_00001623.JPEG.npy 0.4500629469998785 n01770393
300000
0 2000000
0 600000000
0 67000
0 61000
0 73000
0 72000
0 53000
0
n01694178 ILSVRC2012_val_00001375.JPEG.npy 0.44406584299986207 n01687978
300000
0 2000000
0 600000000
0 65000
0 60000
0 73000
0 72000
0 53000
0
n01695060 ILSVRC2012_val_00003865.JPEG.npy 0.43780969999988884 n01695060
300000
0 2000000
0 600000000
0 66000
0 61000
0 73000
0 72000
0 53000
0
n01695060 ILSVRC2012_val_00000541.JPEG.npy 0.44248551599957864 n01695060
200000
0 2000000
0 600000000
0 66000
0 60000
0 73000
0 71000
0 53000
0
n01697457 ILSVRC2012_val_00003101.JPEG.npy 0.44300884699987364 n01697457
300000
0 2000000
0 600000000
0 66000
0 61000
0 73000
0 72000
0 53000
0
n01697457 ILSVRC2012_val_00001573.JPEG.npy 0.43290984399982335 n01697457
Top1:  70 / 100 0.7 
Top5:  92 / 100 0.92
Total time:  53.020868988000075
Avg per img time:  0.427446081489984
