Your ArmNN library instance does not support Onnx models parser functionality.  Skipped IOnnxParser import.
1500000
Working with ARMNN 28.0.0

tensor id: 0,
tensor info: TensorInfo{DataType: 1, IsQuantized: 0, QuantizationScale: 0.000000, QuantizationOffset: 0, IsConstant: 1, NumDimensions: 4, NumElements: 154587}

0 2000000
0 600000000
0 54000
0 45000
0 48000
0 56000
0 43000
0
n01440764 ILSVRC2012_val_00002138.JPEG.npy 0.18227282099996955 n02174001
1500000
0 2000000
0 600000000
0 52000
0 48000
0 51000
0 58000
0 43000
0
n01440764 ILSVRC2012_val_00000293.JPEG.npy 0.13759781999988263 n02640242
1500000
0 2000000
0 600000000
0 58000
0 54000
0 62000
0 62000
0 44000
0
n01443537 ILSVRC2012_val_00000236.JPEG.npy 0.1482469470001888 n01950731
1500000
0 2000000
0 600000000
0 56000
0 50000
0 59000
0 62000
0 44000
0
n01443537 ILSVRC2012_val_00000262.JPEG.npy 0.1400822700002209 n01443537
1500000
0 2000000
0 600000000
0 61000
0 56000
0 64000
0 64000
0 45000
0
n01484850 ILSVRC2012_val_00002752.JPEG.npy 0.1417156799998338 n01484850
1500000
0 2000000
0 600000000
0 57000
0 51000
0 60000
0 64000
0 45000
0
n01484850 ILSVRC2012_val_00002338.JPEG.npy 0.14583308100009162 n01484850
1500000
0 2000000
0 600000000
0 61000
0 57000
0 65000
0 66000
0 46000
0
n01491361 ILSVRC2012_val_00002922.JPEG.npy 0.14965110899993306 n01491361
1500000
0 2000000
0 600000000
0 58000
0 53000
0 61000
0 65000
0 46000
0
n01491361 ILSVRC2012_val_00002969.JPEG.npy 0.13760348699997849 n01491361
1500000
0 2000000
0 600000000
0 61000
0 57000
0 66000
0 66000
0 47000
0
n01494475 ILSVRC2012_val_00003558.JPEG.npy 0.14827044699995895 n01494475
1500000
0 2000000
0 600000000
0 60000
0 54000
0 61000
0 66000
0 47000
0
n01494475 ILSVRC2012_val_00001676.JPEG.npy 0.14042589300015607 n02006656
1500000
0 2000000
0 600000000
0 62000
0 58000
0 67000
0 67000
0 47000
0
n01496331 ILSVRC2012_val_00000921.JPEG.npy 0.14186172100016847 n01496331
1500000
0 2000000
0 600000000
0 63000
0 55000
0 63000
0 66000
0 47000
0
n01496331 ILSVRC2012_val_00002207.JPEG.npy 0.1416608049999013 n01496331
1500000
0 2000000
0 600000000
0 62000
0 58000
0 68000
0 68000
0 48000
0
n01498041 ILSVRC2012_val_00001935.JPEG.npy 0.1674602079997385 n01498041
1400000
0 2000000
0 600000000
0 61000
0 58000
0 64000
0 67000
0 48000
0
n01498041 ILSVRC2012_val_00002284.JPEG.npy 0.1450815840003088 n01498041
1500000
0 2000000
0 600000000
0 62000
0 56000
0 62000
0 67000
0 48000
0
n01514668 ILSVRC2012_val_00000911.JPEG.npy 0.13519611999981862 n01514859
1500000
0 2000000
0 600000000
0 55000
0 51000
0 56000
0 62000
0 47000
0
n01514668 ILSVRC2012_val_00000329.JPEG.npy 0.13989056199989136 n01514668
1500000
0 2000000
0 600000000
0 52000
0 49000
0 54000
0 60000
0 46000
0
n01514859 ILSVRC2012_val_00001368.JPEG.npy 0.13942447999988872 n01514859
1500000
0 2000000
0 600000000
0 51000
0 48000
0 52000
0 58000
0 45000
0
n01514859 ILSVRC2012_val_00001114.JPEG.npy 0.14124805599976753 n01514859
1500000
0 2000000
0 600000000
0 50000
0 47000
0 51000
0 57000
0 45000
0
n01518878 ILSVRC2012_val_00001031.JPEG.npy 0.13481878899983712 n01518878
1500000
0 2000000
0 600000000
0 50000
0 46000
0 50000
0 56000
0 44000
0
n01518878 ILSVRC2012_val_00001398.JPEG.npy 0.13586945099996228 n01518878
Top1:  15 / 20 0.75 
Top5:  17 / 20 0.85
Total time:  6.312295080999775
Avg per img time:  0.14471056654997483
