Your ArmNN library instance does not support Onnx models parser functionality.  Skipped IOnnxParser import.
1500000
Working with ARMNN 28.0.0

tensor id: 0,
tensor info: TensorInfo{DataType: 1, IsQuantized: 0, QuantizationScale: 0.000000, QuantizationOffset: 0, IsConstant: 1, NumDimensions: 4, NumElements: 150528}

0 2000000
0 600000000
0 56000
0 52000
0 55000
0 57000
0 43000
0
n01440764 ILSVRC2012_val_00002138.JPEG.npy 0.21061883900028988 n01440764
1500000
0 2000000
0 600000000
0 58000
0 55000
0 60000
0 60000
0 44000
0
n01440764 ILSVRC2012_val_00000293.JPEG.npy 0.1281518139999207 n02536864
300000
0 2000000
0 600000000
0 56000
0 54000
0 56000
0 58000
0 44000
0
n01443537 ILSVRC2012_val_00000236.JPEG.npy 0.12234304300000076 n02607072
300000
0 2000000
0 600000000
0 56000
0 55000
0 56000
0 60000
0 44000
0
n01443537 ILSVRC2012_val_00000262.JPEG.npy 0.1222766689998025 n10565667
200000
0 2000000
0 600000000
0 55000
0 55000
0 56000
0 58000
0 44000
0
n01484850 ILSVRC2012_val_00002752.JPEG.npy 0.12234629400018093 n01484850
300000
0 2000000
0 600000000
0 56000
0 55000
0 57000
0 60000
0 44000
0
n01484850 ILSVRC2012_val_00002338.JPEG.npy 0.17139773600001718 n01484850
200000
0 2000000
0 600000000
0 55000
0 55000
0 59000
0 62000
0 44000
0
n01491361 ILSVRC2012_val_00002922.JPEG.npy 0.14863065400004416 n01491361
1200000
0 2000000
0 600000000
0 59000
0 56000
0 64000
0 65000
0 45000
0
n01491361 ILSVRC2012_val_00002969.JPEG.npy 0.15199176699979944 n01491361
300000
0 2000000
0 600000000
0 57000
0 57000
0 60000
0 62000
0 45000
0
n01494475 ILSVRC2012_val_00003558.JPEG.npy 0.11724739599958411 n01494475
1500000
0 2000000
0 600000000
0 59000
0 57000
0 60000
0 62000
0 46000
0
n01494475 ILSVRC2012_val_00001676.JPEG.npy 0.12215425300018978 n02091032
1500000
0 2000000
0 600000000
0 59000
0 57000
0 59000
0 62000
0 46000
0
n01496331 ILSVRC2012_val_00000921.JPEG.npy 0.11694027299972731 n01496331
1300000
0 2000000
0 600000000
0 58000
0 57000
0 59000
0 62000
0 46000
0
n01496331 ILSVRC2012_val_00002207.JPEG.npy 0.11855768300029013 n01496331
200000
0 2000000
0 600000000
0 59000
0 57000
0 59000
0 62000
0 46000
0
n01498041 ILSVRC2012_val_00001935.JPEG.npy 0.14353329799996573 n01498041
400000
0 2000000
0 600000000
0 59000
0 57000
0 60000
0 63000
0 46000
0
n01498041 ILSVRC2012_val_00002284.JPEG.npy 0.11626752499978465 n01498041
1500000
0 2000000
0 600000000
0 59000
0 57000
0 59000
0 63000
0 47000
0
n01514668 ILSVRC2012_val_00000911.JPEG.npy 0.130242931000339 n01514859
1500000
0 2000000
0 600000000
0 58000
0 57000
0 60000
0 64000
0 47000
0
n01514668 ILSVRC2012_val_00000329.JPEG.npy 0.12424511999961396 n01514668
600000
0 2000000
0 600000000
0 60000
0 58000
0 65000
0 64000
0 47000
0
n01514859 ILSVRC2012_val_00001368.JPEG.npy 0.14155393000010008 n01514859
1500000
0 2000000
0 600000000
0 61000
0 58000
0 62000
0 65000
0 48000
0
n01514859 ILSVRC2012_val_00001114.JPEG.npy 0.11652106600013212 n01514859
1300000
0 2000000
0 600000000
0 60000
0 58000
0 60000
0 63000
0 48000
0
n01518878 ILSVRC2012_val_00001031.JPEG.npy 0.1358874930001548 n01518878
500000
0 2000000
0 600000000
0 60000
0 58000
0 61000
0 64000
0 47000
0
n01518878 ILSVRC2012_val_00001398.JPEG.npy 0.11602290099972379 n01518878
Top1:  15 / 20 0.75 
Top5:  18 / 20 0.9
Total time:  4.75059624000005
Avg per img time:  0.13384653424998305
