Your ArmNN library instance does not support Onnx models parser functionality.  Skipped IOnnxParser import.
300000
Working with ARMNN 28.0.0

tensor id: 0,
tensor info: TensorInfo{DataType: 1, IsQuantized: 0, QuantizationScale: 0.000000, QuantizationOffset: 0, IsConstant: 1, NumDimensions: 4, NumElements: 150528}

0 2000000
0 600000000
0 52000
0 52000
0 52000
0 55000
0 43000
0
n01440764 ILSVRC2012_val_00002138.JPEG.npy 2.1173059770007967 n02167151
900000
0 2000000
0 600000000
0 49000
0 50000
0 50000
0 50000
0 42000
0
n01440764 ILSVRC2012_val_00000293.JPEG.npy 0.4244202080008108 n01695060
200000
0 2000000
0 600000000
0 55000
0 54000
0 55000
0 58000
0 44000
0
n01443537 ILSVRC2012_val_00000236.JPEG.npy 0.45174181500078703 n01950731
300000
0 2000000
0 600000000
0 58000
0 56000
0 57000
0 60000
0 46000
0
n01443537 ILSVRC2012_val_00000262.JPEG.npy 0.446222836000743 n04296562
300000
0 2000000
0 600000000
0 57000
0 57000
0 58000
0 62000
0 46000
0
n01484850 ILSVRC2012_val_00002752.JPEG.npy 0.44379021900022053 n01484850
300000
0 2000000
0 600000000
0 59000
0 58000
0 60000
0 64000
0 47000
0
n01484850 ILSVRC2012_val_00002338.JPEG.npy 0.4470567910011596 n01484850
400000
0 2000000
0 600000000
0 59000
0 58000
0 60000
0 63000
0 48000
0
n01491361 ILSVRC2012_val_00002922.JPEG.npy 0.448798159000944 n01484850
300000
0 2000000
0 600000000
0 60000
0 59000
0 61000
0 65000
0 48000
0
n01491361 ILSVRC2012_val_00002969.JPEG.npy 0.4413311459993565 n01484850
200000
0 2000000
0 600000000
0 60000
0 59000
0 61000
0 64000
0 48000
0
n01494475 ILSVRC2012_val_00003558.JPEG.npy 0.43985327599875745 n01494475
300000
0 2000000
0 600000000
0 61000
0 59000
0 62000
0 65000
0 49000
0
n01494475 ILSVRC2012_val_00001676.JPEG.npy 0.4370055780000257 n02536864
300000
0 2000000
0 600000000
0 61000
0 59000
0 61000
0 65000
0 49000
0
n01496331 ILSVRC2012_val_00000921.JPEG.npy 0.447678997001276 n01496331
200000
0 2000000
0 600000000
0 63000
0 60000
0 62000
0 65000
0 49000
0
n01496331 ILSVRC2012_val_00002207.JPEG.npy 0.4450305069985916 n01496331
300000
0 2000000
0 600000000
0 61000
0 60000
0 62000
0 66000
0 49000
0
n01498041 ILSVRC2012_val_00001935.JPEG.npy 0.44967044799886935 n01498041
300000
0 2000000
0 600000000
0 63000
0 60000
0 63000
0 66000
0 50000
0
n01498041 ILSVRC2012_val_00002284.JPEG.npy 0.4397749429990654 n01496331
300000
0 2000000
0 600000000
0 62000
0 60000
0 62000
0 66000
0 50000
0
n01514668 ILSVRC2012_val_00000911.JPEG.npy 0.4455538380007056 n01514668
400000
0 2000000
0 600000000
0 63000
0 61000
0 63000
0 66000
0 50000
0
n01514668 ILSVRC2012_val_00000329.JPEG.npy 0.4429144309997355 n01514668
300000
0 2000000
0 600000000
0 63000
0 61000
0 62000
0 66000
0 50000
0
n01514859 ILSVRC2012_val_00001368.JPEG.npy 0.42345646300054796 n01514859
300000
0 2000000
0 600000000
0 64000
0 61000
0 64000
0 67000
0 50000
0
n01514859 ILSVRC2012_val_00001114.JPEG.npy 0.43974215100024594 n01514859
300000
0 2000000
0 600000000
0 62000
0 61000
0 64000
0 66000
0 50000
0
n01518878 ILSVRC2012_val_00001031.JPEG.npy 0.4285308600010467 n01518878
200000
0 2000000
0 600000000
0 63000
0 61000
0 64000
0 68000
0 51000
0
n01518878 ILSVRC2012_val_00001398.JPEG.npy 0.443366554000022 n01518878
Top1:  12 / 20 0.6 
Top5:  19 / 20 0.95
Total time:  12.803108620000785
Avg per img time:  0.5251622598501854
