Your ArmNN library instance does not support Onnx models parser functionality.  Skipped IOnnxParser import.
1500000
Working with ARMNN 28.0.0

tensor id: 0,
tensor info: TensorInfo{DataType: 1, IsQuantized: 0, QuantizationScale: 0.000000, QuantizationOffset: 0, IsConstant: 1, NumDimensions: 4, NumElements: 270000}

0 2000000
0 600000000
0 56000
0 49000
0 56000
0 58000
0 44000
0
n01440764 ILSVRC2012_val_00002138.JPEG.npy 0.956999388999975 n01440764
400000
0 2000000
0 600000000
0 61000
0 55000
0 65000
0 64000
0 46000
0
n01440764 ILSVRC2012_val_00000293.JPEG.npy 0.8445241419999547 n02526121
400000
0 2000000
0 600000000
0 63000
0 57000
0 65000
0 67000
0 48000
0
n01443537 ILSVRC2012_val_00000236.JPEG.npy 0.8232416370000237 n01494475
1500000
0 2000000
0 600000000
0 65000
0 60000
0 68000
0 69000
0 49000
0
n01443537 ILSVRC2012_val_00000262.JPEG.npy 0.7998948489999975 n01443537
1500000
0 2000000
0 600000000
0 65000
0 61000
0 71000
0 72000
0 50000
0
n01484850 ILSVRC2012_val_00002752.JPEG.npy 0.9131222610000123 n01484850
300000
0 2000000
0 600000000
0 65000
0 58000
0 68000
0 69000
0 49000
0
n01484850 ILSVRC2012_val_00002338.JPEG.npy 0.8472267990000546 n01484850
1500000
0 2000000
0 600000000
0 65000
0 58000
0 69000
0 69000
0 50000
0
n01491361 ILSVRC2012_val_00002922.JPEG.npy 0.8626992410000867 n01484850
300000
0 2000000
0 600000000
0 65000
0 59000
0 68000
0 69000
0 50000
0
n01491361 ILSVRC2012_val_00002969.JPEG.npy 0.8476341299999604 n01484850
200000
0 2000000
0 600000000
0 65000
0 59000
0 68000
0 69000
0 50000
0
n01494475 ILSVRC2012_val_00003558.JPEG.npy 0.9059889960000191 n01494475
400000
0 2000000
0 600000000
0 66000
0 60000
0 69000
0 70000
0 50000
0
n01494475 ILSVRC2012_val_00001676.JPEG.npy 0.8831927469999528 n01494475
200000
0 2000000
0 600000000
0 66000
0 59000
0 68000
0 70000
0 51000
0
n01496331 ILSVRC2012_val_00000921.JPEG.npy 0.8483175019999862 n01496331
300000
0 2000000
0 600000000
0 66000
0 60000
0 69000
0 71000
0 51000
0
n01496331 ILSVRC2012_val_00002207.JPEG.npy 0.8614645370000744 n01496331
200000
0 2000000
0 600000000
0 66000
0 60000
0 68000
0 70000
0 51000
0
n01498041 ILSVRC2012_val_00001935.JPEG.npy 0.8546210209999572 n01498041
200000
0 2000000
0 600000000
0 66000
0 61000
0 70000
0 71000
0 51000
0
n01498041 ILSVRC2012_val_00002284.JPEG.npy 0.849769914000035 n01496331
300000
0 2000000
0 600000000
0 67000
0 60000
0 69000
0 71000
0 51000
0
n01514668 ILSVRC2012_val_00000911.JPEG.npy 0.8407213220000358 n01514859
300000
0 2000000
0 600000000
0 67000
0 61000
0 71000
0 71000
0 52000
0
n01514668 ILSVRC2012_val_00000329.JPEG.npy 0.8541567309999891 n01514668
300000
0 2000000
0 600000000
0 67000
0 60000
0 70000
0 71000
0 52000
0
n01514859 ILSVRC2012_val_00001368.JPEG.npy 0.8547047700000121 n01514859
300000
0 2000000
0 600000000
0 67000
0 61000
0 71000
0 72000
0 52000
0
n01514859 ILSVRC2012_val_00001114.JPEG.npy 0.8561184319999029 n01514859
300000
0 2000000
0 600000000
0 67000
0 61000
0 70000
0 71000
0 52000
0
n01518878 ILSVRC2012_val_00001031.JPEG.npy 0.8756855260000975 n01518878
400000
0 2000000
0 600000000
0 67000
0 61000
0 71000
0 71000
0 52000
0
n01518878 ILSVRC2012_val_00001398.JPEG.npy 0.8580899250000584 n01518878
Top1:  14 / 20 0.7 
Top5:  20 / 20 1.0
Total time:  19.500590181000007
Avg per img time:  0.8619086935500093
