Your ArmNN library instance does not support Onnx models parser functionality.  Skipped IOnnxParser import.
200000
Working with ARMNN 28.0.0

tensor id: 0,
tensor info: TensorInfo{DataType: 1, IsQuantized: 0, QuantizationScale: 0.000000, QuantizationOffset: 0, IsConstant: 1, NumDimensions: 4, NumElements: 150528}

0 2000000
0 600000000
0 56000
0 50000
0 56000
0 61000
0 46000
0
n01440764 ILSVRC2012_val_00002138.JPEG.npy 1.149344753999685 n01440764
200000
0 2000000
0 600000000
0 52000
0 48000
0 53000
0 58000
0 46000
0
n01440764 ILSVRC2012_val_00000293.JPEG.npy 1.0571028069998647 n02536864
300000
0 2000000
0 600000000
0 53000
0 47000
0 53000
0 57000
0 46000
0
n01443537 ILSVRC2012_val_00000236.JPEG.npy 1.055188064000049 n01950731
200000
0 2000000
0 600000000
0 51000
0 47000
0 52000
0 56000
0 46000
0
n01443537 ILSVRC2012_val_00000262.JPEG.npy 1.0570737240000199 n01443537
300000
0 2000000
0 600000000
0 52000
0 46000
0 52000
0 56000
0 46000
0
n01484850 ILSVRC2012_val_00002752.JPEG.npy 1.0577291380000133 n01484850
600000
0 2000000
0 600000000
0 53000
0 48000
0 52000
0 56000
0 46000
0
n01484850 ILSVRC2012_val_00002338.JPEG.npy 1.054869356999916 n01484850
300000
0 2000000
0 600000000
0 51000
0 46000
0 52000
0 56000
0 45000
0
n01491361 ILSVRC2012_val_00002922.JPEG.npy 1.0551966900002299 n01484850
300000
0 2000000
0 600000000
0 51000
0 46000
0 52000
0 56000
0 45000
0
n01491361 ILSVRC2012_val_00002969.JPEG.npy 1.0557320630000504 n01491361
200000
0 2000000
0 600000000
0 51000
0 46000
0 52000
0 56000
0 45000
0
n01494475 ILSVRC2012_val_00003558.JPEG.npy 1.0554456049999317 n01494475
300000
0 2000000
0 600000000
0 51000
0 46000
0 51000
0 56000
0 45000
0
n01494475 ILSVRC2012_val_00001676.JPEG.npy 1.0577351799997814 n02641379
300000
0 2000000
0 600000000
0 51000
0 46000
0 52000
0 56000
0 45000
0
n01496331 ILSVRC2012_val_00000921.JPEG.npy 1.0570085160002236 n01496331
200000
0 2000000
0 600000000
0 51000
0 46000
0 51000
0 56000
0 45000
0
n01496331 ILSVRC2012_val_00002207.JPEG.npy 1.0589439669997773 n01496331
300000
0 2000000
0 600000000
0 52000
0 47000
0 52000
0 57000
0 46000
0
n01498041 ILSVRC2012_val_00001935.JPEG.npy 1.0546810250002636 n01498041
200000
0 2000000
0 600000000
0 51000
0 46000
0 52000
0 56000
0 45000
0
n01498041 ILSVRC2012_val_00002284.JPEG.npy 1.054661398999997 n01496331
200000
0 2000000
0 600000000
0 51000
0 46000
0 51000
0 56000
0 45000
0
n01514668 ILSVRC2012_val_00000911.JPEG.npy 1.0555787289999898 n01514859
200000
0 2000000
0 600000000
0 51000
0 46000
0 51000
0 55000
0 45000
0
n01514668 ILSVRC2012_val_00000329.JPEG.npy 1.054932731000008 n01847000
300000
0 2000000
0 600000000
0 51000
0 46000
0 51000
0 56000
0 45000
0
n01514859 ILSVRC2012_val_00001368.JPEG.npy 1.0544111089998296 n01514859
300000
0 2000000
0 600000000
0 50000
0 46000
0 51000
0 55000
0 45000
0
n01514859 ILSVRC2012_val_00001114.JPEG.npy 1.0558062290001544 n01514859
200000
0 2000000
0 600000000
0 50000
0 46000
0 51000
0 56000
0 45000
0
n01518878 ILSVRC2012_val_00001031.JPEG.npy 1.054277983999782 n01518878
200000
0 2000000
0 600000000
0 50000
0 46000
0 51000
0 55000
0 45000
0
n01518878 ILSVRC2012_val_00001398.JPEG.npy 1.0567418910000015 n01518878
Top1:  13 / 20 0.65 
Top5:  19 / 20 0.95
Total time:  23.4387254090002
Avg per img time:  1.0606230480999783
