Your ArmNN library instance does not support Onnx models parser functionality.  Skipped IOnnxParser import.
1500000
Working with ARMNN 28.0.0

tensor id: 0,
tensor info: TensorInfo{DataType: 1, IsQuantized: 0, QuantizationScale: 0.000000, QuantizationOffset: 0, IsConstant: 1, NumDimensions: 4, NumElements: 150528}

0 2000000
0 600000000
0 56000
0 47000
0 54000
0 56000
0 45000
0
n01440764 ILSVRC2012_val_00002138.JPEG.npy 0.4117422140002418 n02167151
1500000
0 2000000
0 600000000
0 60000
0 53000
0 61000
0 63000
0 46000
0
n01440764 ILSVRC2012_val_00000293.JPEG.npy 0.36291902199991455 n01695060
1500000
0 2000000
0 600000000
0 61000
0 54000
0 63000
0 64000
0 47000
0
n01443537 ILSVRC2012_val_00000236.JPEG.npy 0.3830423219997101 n01950731
1500000
0 2000000
0 600000000
0 63000
0 55000
0 63000
0 66000
0 48000
0
n01443537 ILSVRC2012_val_00000262.JPEG.npy 0.40115542100011226 n04296562
400000
0 2000000
0 600000000
0 63000
0 57000
0 64000
0 69000
0 48000
0
n01484850 ILSVRC2012_val_00002752.JPEG.npy 0.5232851739997386 n01484850
300000
0 2000000
0 600000000
0 63000
0 57000
0 66000
0 70000
0 48000
0
n01484850 ILSVRC2012_val_00002338.JPEG.npy 0.5964510670000891 n01484850
1500000
0 2000000
0 600000000
0 63000
0 57000
0 66000
0 70000
0 48000
0
n01491361 ILSVRC2012_val_00002922.JPEG.npy 0.5734741940000276 n01484850
300000
0 2000000
0 600000000
0 64000
0 58000
0 67000
0 72000
0 49000
0
n01491361 ILSVRC2012_val_00002969.JPEG.npy 0.6049830769998152 n01484850
300000
0 2000000
0 600000000
0 64000
0 59000
0 66000
0 71000
0 49000
0
n01494475 ILSVRC2012_val_00003558.JPEG.npy 0.570774788000108 n01494475
300000
0 2000000
0 600000000
0 65000
0 59000
0 68000
0 73000
0 49000
0
n01494475 ILSVRC2012_val_00001676.JPEG.npy 0.5152903700000024 n02536864
200000
0 2000000
0 600000000
0 65000
0 59000
0 68000
0 72000
0 50000
0
n01496331 ILSVRC2012_val_00000921.JPEG.npy 0.5182590259996687 n01496331
400000
0 2000000
0 600000000
0 65000
0 59000
0 68000
0 72000
0 50000
0
n01496331 ILSVRC2012_val_00002207.JPEG.npy 0.38658518300007927 n01496331
1500000
0 2000000
0 600000000
0 66000
0 58000
0 67000
0 70000
0 51000
0
n01498041 ILSVRC2012_val_00001935.JPEG.npy 0.3715734889997293 n01498041
1500000
0 2000000
0 600000000
0 67000
0 60000
0 68000
0 71000
0 51000
0
n01498041 ILSVRC2012_val_00002284.JPEG.npy 0.3650075969999307 n01496331
300000
0 2000000
0 600000000
0 67000
0 62000
0 68000
0 70000
0 51000
0
n01514668 ILSVRC2012_val_00000911.JPEG.npy 0.5984486020001896 n01514668
300000
0 2000000
0 600000000
0 64000
0 64000
0 69000
0 72000
0 51000
0
n01514668 ILSVRC2012_val_00000329.JPEG.npy 0.5924119569999675 n01514668
200000
0 2000000
0 600000000
0 62000
0 64000
0 69000
0 72000
0 50000
0
n01514859 ILSVRC2012_val_00001368.JPEG.npy 0.5754232700001012 n01514859
300000
0 2000000
0 600000000
0 64000
0 64000
0 68000
0 73000
0 51000
0
n01514859 ILSVRC2012_val_00001114.JPEG.npy 0.5816342890002488 n01514859
400000
0 2000000
0 600000000
0 67000
0 61000
0 68000
0 73000
0 51000
0
n01518878 ILSVRC2012_val_00001031.JPEG.npy 0.44116685500011954 n01518878
400000
0 2000000
0 600000000
0 66000
0 61000
0 71000
0 74000
0 52000
0
n01518878 ILSVRC2012_val_00001398.JPEG.npy 0.40863226700002997 n01518878
Top1:  12 / 20 0.6 
Top5:  19 / 20 0.95
Total time:  11.865624076000131
Avg per img time:  0.48911300919999123
