Your ArmNN library instance does not support Onnx models parser functionality.  Skipped IOnnxParser import.
300000
Working with ARMNN 28.0.0

tensor id: 0,
tensor info: TensorInfo{DataType: 1, IsQuantized: 0, QuantizationScale: 0.000000, QuantizationOffset: 0, IsConstant: 1, NumDimensions: 4, NumElements: 150528}

0 2000000
0 600000000
0 45000
0 42000
0 48000
0 52000
0 39000
0
n01440764 ILSVRC2012_val_00002138.JPEG.npy 1.1430563190001521 n01440764
300000
0 2000000
0 600000000
0 47000
0 43000
0 48000
0 52000
0 41000
0
n01440764 ILSVRC2012_val_00000293.JPEG.npy 1.0558048119999057 n02536864
300000
0 2000000
0 600000000
0 47000
0 43000
0 49000
0 53000
0 42000
0
n01443537 ILSVRC2012_val_00000236.JPEG.npy 1.0538827780001156 n01950731
300000
0 2000000
0 600000000
0 48000
0 43000
0 48000
0 53000
0 42000
0
n01443537 ILSVRC2012_val_00000262.JPEG.npy 1.0540424430000712 n01443537
300000
0 2000000
0 600000000
0 48000
0 43000
0 49000
0 53000
0 42000
0
n01484850 ILSVRC2012_val_00002752.JPEG.npy 1.0538575690000016 n01484850
300000
0 2000000
0 600000000
0 48000
0 44000
0 49000
0 53000
0 42000
0
n01484850 ILSVRC2012_val_00002338.JPEG.npy 1.0574195560000135 n01484850
200000
0 2000000
0 600000000
0 47000
0 44000
0 50000
0 53000
0 42000
0
n01491361 ILSVRC2012_val_00002922.JPEG.npy 1.0539656099999775 n01484850
200000
0 2000000
0 600000000
0 48000
0 44000
0 49000
0 53000
0 43000
0
n01491361 ILSVRC2012_val_00002969.JPEG.npy 1.0547532739999497 n01491361
300000
0 2000000
0 600000000
0 48000
0 44000
0 50000
0 54000
0 43000
0
n01494475 ILSVRC2012_val_00003558.JPEG.npy 1.052834823000012 n01494475
400000
0 2000000
0 600000000
0 48000
0 44000
0 49000
0 53000
0 43000
0
n01494475 ILSVRC2012_val_00001676.JPEG.npy 1.0542469419999634 n02641379
300000
0 2000000
0 600000000
0 49000
0 44000
0 50000
0 54000
0 43000
0
n01496331 ILSVRC2012_val_00000921.JPEG.npy 1.0539290280000841 n01496331
200000
0 2000000
0 600000000
0 48000
0 44000
0 49000
0 53000
0 43000
0
n01496331 ILSVRC2012_val_00002207.JPEG.npy 1.0542754010000408 n01496331
300000
0 2000000
0 600000000
0 49000
0 44000
0 50000
0 54000
0 43000
0
n01498041 ILSVRC2012_val_00001935.JPEG.npy 1.05206665899982 n01498041
300000
0 2000000
0 600000000
0 49000
0 44000
0 49000
0 54000
0 43000
0
n01498041 ILSVRC2012_val_00002284.JPEG.npy 1.0563422689999697 n01496331
200000
0 2000000
0 600000000
0 49000
0 44000
0 50000
0 54000
0 43000
0
n01514668 ILSVRC2012_val_00000911.JPEG.npy 1.052260409000155 n01514859
200000
0 2000000
0 600000000
0 49000
0 44000
0 50000
0 54000
0 43000
0
n01514668 ILSVRC2012_val_00000329.JPEG.npy 1.0557997290000003 n01847000
200000
0 2000000
0 600000000
0 47000
0 44000
0 48000
0 53000
0 42000
0
n01514859 ILSVRC2012_val_00001368.JPEG.npy 1.053127780000068 n01514859
200000
0 2000000
0 600000000
0 48000
0 44000
0 48000
0 53000
0 42000
0
n01514859 ILSVRC2012_val_00001114.JPEG.npy 1.0555176459999984 n01514859
200000
0 2000000
0 600000000
0 48000
0 44000
0 49000
0 53000
0 43000
0
n01518878 ILSVRC2012_val_00001031.JPEG.npy 1.0535007789999327 n01518878
300000
0 2000000
0 600000000
0 49000
0 44000
0 49000
0 53000
0 43000
0
n01518878 ILSVRC2012_val_00001398.JPEG.npy 1.0554116469998007 n01518878
Top1:  13 / 20 0.65 
Top5:  19 / 20 0.95
Total time:  29.44042818999992
Avg per img time:  1.0588047736500017
