Your ArmNN library instance does not support Onnx models parser functionality.  Skipped IOnnxParser import.
1500000
Working with ARMNN 28.0.0

tensor id: 0,
tensor info: TensorInfo{DataType: 1, IsQuantized: 0, QuantizationScale: 0.000000, QuantizationOffset: 0, IsConstant: 1, NumDimensions: 4, NumElements: 150528}

0 2000000
0 600000000
0 43000
0 46000
0 44000
0 44000
0 39000
0
n01440764 ILSVRC2012_val_00002138.JPEG.npy 1.1206719029999022 n01440764
1500000
0 2000000
0 600000000
0 44000
0 46000
0 44000
0 44000
0 39000
0
n01440764 ILSVRC2012_val_00000293.JPEG.npy 1.0256518000001051 n02536864
1500000
0 2000000
0 600000000
0 44000
0 47000
0 44000
0 45000
0 39000
0
n01443537 ILSVRC2012_val_00000236.JPEG.npy 1.0175856630000908 n01950731
1500000
0 2000000
0 600000000
0 44000
0 47000
0 44000
0 45000
0 40000
0
n01443537 ILSVRC2012_val_00000262.JPEG.npy 1.0186472840000533 n01443537
1500000
0 2000000
0 600000000
0 45000
0 47000
0 44000
0 45000
0 40000
0
n01484850 ILSVRC2012_val_00002752.JPEG.npy 1.009380068000155 n01484850
1500000
0 2000000
0 600000000
0 45000
0 47000
0 45000
0 45000
0 40000
0
n01484850 ILSVRC2012_val_00002338.JPEG.npy 1.0112853109999378 n01484850
1500000
0 2000000
0 600000000
0 45000
0 47000
0 45000
0 45000
0 40000
0
n01491361 ILSVRC2012_val_00002922.JPEG.npy 1.0155407120000746 n01484850
1500000
0 2000000
0 600000000
0 45000
0 47000
0 45000
0 45000
0 40000
0
n01491361 ILSVRC2012_val_00002969.JPEG.npy 1.0209743999998864 n01491361
1500000
0 2000000
0 600000000
0 45000
0 47000
0 45000
0 45000
0 40000
0
n01494475 ILSVRC2012_val_00003558.JPEG.npy 1.0111974779999855 n01494475
1500000
0 2000000
0 600000000
0 45000
0 47000
0 45000
0 45000
0 40000
0
n01494475 ILSVRC2012_val_00001676.JPEG.npy 1.0199388210000961 n02641379
1500000
0 2000000
0 600000000
0 45000
0 47000
0 45000
0 45000
0 40000
0
n01496331 ILSVRC2012_val_00000921.JPEG.npy 1.0205868180000834 n01496331
1500000
0 2000000
0 600000000
0 45000
0 47000
0 45000
0 45000
0 40000
0
n01496331 ILSVRC2012_val_00002207.JPEG.npy 1.0119940170000064 n01496331
1500000
0 2000000
0 600000000
0 45000
0 47000
0 45000
0 45000
0 40000
0
n01498041 ILSVRC2012_val_00001935.JPEG.npy 1.0121123499998248 n01498041
1500000
0 2000000
0 600000000
0 45000
0 47000
0 45000
0 45000
0 40000
0
n01498041 ILSVRC2012_val_00002284.JPEG.npy 1.0207305679998626 n01496331
1500000
0 2000000
0 600000000
0 45000
0 48000
0 45000
0 45000
0 40000
0
n01514668 ILSVRC2012_val_00000911.JPEG.npy 1.0177244949998112 n01514859
1500000
0 2000000
0 600000000
0 45000
0 47000
0 45000
0 46000
0 40000
0
n01514668 ILSVRC2012_val_00000329.JPEG.npy 1.0223778529998526 n01847000
1500000
0 2000000
0 600000000
0 45000
0 47000
0 45000
0 45000
0 40000
0
n01514859 ILSVRC2012_val_00001368.JPEG.npy 1.019834820999904 n01514859
1500000
0 2000000
0 600000000
0 45000
0 47000
0 45000
0 45000
0 40000
0
n01514859 ILSVRC2012_val_00001114.JPEG.npy 1.0101288159999058 n01514859
1500000
0 2000000
0 600000000
0 45000
0 47000
0 45000
0 45000
0 40000
0
n01518878 ILSVRC2012_val_00001031.JPEG.npy 1.012893972000029 n01518878
1500000
0 2000000
0 600000000
0 45000
0 48000
0 45000
0 45000
0 40000
0
n01518878 ILSVRC2012_val_00001398.JPEG.npy 1.0168362909998905 n01518878
Top1:  13 / 20 0.65 
Top5:  19 / 20 0.95
Total time:  23.757687510999858
Avg per img time:  1.021804672049973
