Your ArmNN library instance does not support Onnx models parser functionality.  Skipped IOnnxParser import.
200000
Working with ARMNN 28.0.0

tensor id: 0,
tensor info: TensorInfo{DataType: 1, IsQuantized: 0, QuantizationScale: 0.000000, QuantizationOffset: 0, IsConstant: 1, NumDimensions: 4, NumElements: 150528}

0 2000000
0 600000000
0 49000
0 49000
0 48000
0 51000
0 40000
0
n01440764 ILSVRC2012_val_00002138.JPEG.npy 0.5172495290000825 n01440764
200000
0 2000000
0 600000000
0 53000
0 52000
0 54000
0 56000
0 42000
0
n01440764 ILSVRC2012_val_00000293.JPEG.npy 0.4397819850000815 n02536864
300000
0 2000000
0 600000000
0 54000
0 53000
0 55000
0 58000
0 43000
0
n01443537 ILSVRC2012_val_00000236.JPEG.npy 0.4486388679999891 n01950731
300000
0 2000000
0 600000000
0 56000
0 54000
0 57000
0 60000
0 44000
0
n01443537 ILSVRC2012_val_00000262.JPEG.npy 0.4492370740001661 n01443537
200000
0 2000000
0 600000000
0 56000
0 55000
0 57000
0 59000
0 44000
0
n01484850 ILSVRC2012_val_00002752.JPEG.npy 0.4506831520000105 n01484850
200000
0 2000000
0 600000000
0 57000
0 56000
0 58000
0 61000
0 45000
0
n01484850 ILSVRC2012_val_00002338.JPEG.npy 0.45635396400007266 n01484850
200000
0 2000000
0 600000000
0 57000
0 56000
0 57000
0 60000
0 45000
0
n01491361 ILSVRC2012_val_00002922.JPEG.npy 0.45193902199980585 n01484850
400000
0 2000000
0 600000000
0 58000
0 56000
0 59000
0 62000
0 45000
0
n01491361 ILSVRC2012_val_00002969.JPEG.npy 0.44514000599997416 n01491361
300000
0 2000000
0 600000000
0 58000
0 56000
0 58000
0 61000
0 46000
0
n01494475 ILSVRC2012_val_00003558.JPEG.npy 0.4459967110001344 n01494475
200000
0 2000000
0 600000000
0 58000
0 57000
0 59000
0 62000
0 46000
0
n01494475 ILSVRC2012_val_00001676.JPEG.npy 0.45174310699985654 n02641379
300000
0 2000000
0 600000000
0 58000
0 57000
0 60000
0 62000
0 46000
0
n01496331 ILSVRC2012_val_00000921.JPEG.npy 0.4529132690001916 n01496331
200000
0 2000000
0 600000000
0 59000
0 58000
0 60000
0 63000
0 47000
0
n01496331 ILSVRC2012_val_00002207.JPEG.npy 0.4565665469999658 n01496331
200000
0 2000000
0 600000000
0 58000
0 57000
0 59000
0 62000
0 47000
0
n01498041 ILSVRC2012_val_00001935.JPEG.npy 0.4527761439999267 n01498041
200000
0 2000000
0 600000000
0 60000
0 58000
0 60000
0 63000
0 47000
0
n01498041 ILSVRC2012_val_00002284.JPEG.npy 0.4508736940001654 n01496331
300000
0 2000000
0 600000000
0 59000
0 58000
0 60000
0 63000
0 47000
0
n01514668 ILSVRC2012_val_00000911.JPEG.npy 0.45054794399993625 n01514859
200000
0 2000000
0 600000000
0 60000
0 58000
0 61000
0 64000
0 47000
0
n01514668 ILSVRC2012_val_00000329.JPEG.npy 0.44573846299999786 n01847000
300000
0 2000000
0 600000000
0 60000
0 58000
0 60000
0 63000
0 47000
0
n01514859 ILSVRC2012_val_00001368.JPEG.npy 0.453395349999937 n01514859
300000
0 2000000
0 600000000
0 60000
0 59000
0 61000
0 64000
0 47000
0
n01514859 ILSVRC2012_val_00001114.JPEG.npy 0.45322576800003844 n01514859
300000
0 2000000
0 600000000
0 59000
0 58000
0 60000
0 63000
0 48000
0
n01518878 ILSVRC2012_val_00001031.JPEG.npy 0.45080215200005114 n01518878
300000
0 2000000
0 600000000
0 60000
0 59000
0 62000
0 64000
0 48000
0
n01518878 ILSVRC2012_val_00001398.JPEG.npy 0.4497211979999065 n01518878
Top1:  13 / 20 0.65 
Top5:  19 / 20 0.95
Total time:  11.300910514999941
Avg per img time:  0.4536661973500145
