Your ArmNN library instance does not support Onnx models parser functionality.  Skipped IOnnxParser import.
800000
Working with ARMNN 28.0.0

tensor id: 0,
tensor info: TensorInfo{DataType: 1, IsQuantized: 0, QuantizationScale: 0.000000, QuantizationOffset: 0, IsConstant: 1, NumDimensions: 4, NumElements: 270000}

0 2000000
0 600000000
0 49000
0 47000
0 51000
0 56000
0 39000
0
n01440764 ILSVRC2012_val_00002138.JPEG.npy 0.9494666249997863 n01440764
200000
0 2000000
0 600000000
0 55000
0 51000
0 60000
0 62000
0 42000
0
n01440764 ILSVRC2012_val_00000293.JPEG.npy 0.8652295650003907 n02526121
200000
0 2000000
0 600000000
0 55000
0 52000
0 61000
0 64000
0 43000
0
n01443537 ILSVRC2012_val_00000236.JPEG.npy 0.8570080120002785 n01494475
300000
0 2000000
0 600000000
0 57000
0 53000
0 62000
0 65000
0 45000
0
n01443537 ILSVRC2012_val_00000262.JPEG.npy 0.8672880569997687 n01443537
300000
0 2000000
0 600000000
0 57000
0 53000
0 63000
0 66000
0 45000
0
n01484850 ILSVRC2012_val_00002752.JPEG.npy 0.8739556149998862 n01484850
200000
0 2000000
0 600000000
0 59000
0 55000
0 63000
0 67000
0 46000
0
n01484850 ILSVRC2012_val_00002338.JPEG.npy 0.8636549040002137 n01484850
200000
0 2000000
0 600000000
0 59000
0 55000
0 63000
0 67000
0 46000
0
n01491361 ILSVRC2012_val_00002922.JPEG.npy 0.8418281939998451 n01484850
200000
0 2000000
0 600000000
0 60000
0 56000
0 65000
0 68000
0 47000
0
n01491361 ILSVRC2012_val_00002969.JPEG.npy 0.860938330999943 n01484850
300000
0 2000000
0 600000000
0 60000
0 55000
0 64000
0 68000
0 47000
0
n01494475 ILSVRC2012_val_00003558.JPEG.npy 0.8555868920002467 n01494475
200000
0 2000000
0 600000000
0 61000
0 57000
0 65000
0 69000
0 47000
0
n01494475 ILSVRC2012_val_00001676.JPEG.npy 0.8385136229999262 n01494475
200000
0 2000000
0 600000000
0 62000
0 56000
0 64000
0 69000
0 48000
0
n01496331 ILSVRC2012_val_00000921.JPEG.npy 0.8538039819995902 n01496331
300000
0 2000000
0 600000000
0 60000
0 57000
0 67000
0 70000
0 48000
0
n01496331 ILSVRC2012_val_00002207.JPEG.npy 0.8381379150000612 n01496331
200000
0 2000000
0 600000000
0 60000
0 57000
0 67000
0 70000
0 48000
0
n01498041 ILSVRC2012_val_00001935.JPEG.npy 0.9163655400002426 n01498041
200000
0 2000000
0 600000000
0 63000
0 58000
0 67000
0 70000
0 49000
0
n01498041 ILSVRC2012_val_00002284.JPEG.npy 0.8404229070001747 n01496331
200000
0 2000000
0 600000000
0 61000
0 57000
0 67000
0 70000
0 49000
0
n01514668 ILSVRC2012_val_00000911.JPEG.npy 0.8515929069999402 n01514859
300000
0 2000000
0 600000000
0 62000
0 58000
0 67000
0 71000
0 49000
0
n01514668 ILSVRC2012_val_00000329.JPEG.npy 0.8393224520000331 n01514668
300000
0 2000000
0 600000000
0 62000
0 58000
0 68000
0 71000
0 49000
0
n01514859 ILSVRC2012_val_00001368.JPEG.npy 0.8376214590002746 n01514859
300000
0 2000000
0 600000000
0 63000
0 59000
0 68000
0 71000
0 49000
0
n01514859 ILSVRC2012_val_00001114.JPEG.npy 0.8397890339997502 n01514859
300000
0 2000000
0 600000000
0 63000
0 58000
0 67000
0 71000
0 49000
0
n01518878 ILSVRC2012_val_00001031.JPEG.npy 0.8278179539997836 n01518878
300000
0 2000000
0 600000000
0 63000
0 59000
0 68000
0 72000
0 50000
0
n01518878 ILSVRC2012_val_00001398.JPEG.npy 0.8535346089997802 n01518878
Top1:  14 / 20 0.7 
Top5:  20 / 20 1.0
Total time:  19.51640024800008
Avg per img time:  0.8585939288499957
