Your ArmNN library instance does not support Onnx models parser functionality.  Skipped IOnnxParser import.
400000
Working with ARMNN 28.0.0

tensor id: 0,
tensor info: TensorInfo{DataType: 1, IsQuantized: 0, QuantizationScale: 0.000000, QuantizationOffset: 0, IsConstant: 1, NumDimensions: 4, NumElements: 270000}

0 2000000
0 600000000
0 53000
0 45000
0 50000
0 53000
0 41000
0
n01440764 ILSVRC2012_val_00002138.JPEG.npy 1.3945995899998707 n01440764
300000
0 2000000
0 600000000
0 50000
0 43000
0 47000
0 48000
0 42000
0
n01440764 ILSVRC2012_val_00000293.JPEG.npy 1.3168874220000362 n02526121
300000
0 2000000
0 600000000
0 50000
0 43000
0 46000
0 48000
0 42000
0
n01443537 ILSVRC2012_val_00000236.JPEG.npy 1.3184475830003066 n01494475
200000
0 2000000
0 600000000
0 50000
0 43000
0 46000
0 48000
0 42000
0
n01443537 ILSVRC2012_val_00000262.JPEG.npy 1.3224834010002269 n01443537
300000
0 2000000
0 600000000
0 50000
0 43000
0 47000
0 48000
0 42000
0
n01484850 ILSVRC2012_val_00002752.JPEG.npy 1.3268563420001556 n01484850
200000
0 2000000
0 600000000
0 50000
0 43000
0 47000
0 48000
0 42000
0
n01484850 ILSVRC2012_val_00002338.JPEG.npy 1.3287399599998935 n01484850
300000
0 2000000
0 600000000
0 51000
0 43000
0 47000
0 49000
0 43000
0
n01491361 ILSVRC2012_val_00002922.JPEG.npy 1.324680141999579 n01484850
200000
0 2000000
0 600000000
0 50000
0 43000
0 47000
0 48000
0 43000
0
n01491361 ILSVRC2012_val_00002969.JPEG.npy 1.3201465760002975 n01484850
300000
0 2000000
0 600000000
0 51000
0 43000
0 47000
0 49000
0 43000
0
n01494475 ILSVRC2012_val_00003558.JPEG.npy 1.3184129149999535 n01494475
200000
0 2000000
0 600000000
0 50000
0 43000
0 47000
0 48000
0 43000
0
n01494475 ILSVRC2012_val_00001676.JPEG.npy 1.3328634870003953 n01494475
400000
0 2000000
0 600000000
0 51000
0 43000
0 47000
0 49000
0 42000
0
n01496331 ILSVRC2012_val_00000921.JPEG.npy 1.3159303839997847 n01496331
200000
0 2000000
0 600000000
0 50000
0 43000
0 46000
0 48000
0 43000
0
n01496331 ILSVRC2012_val_00002207.JPEG.npy 1.3207423650001147 n01496331
200000
0 2000000
0 600000000
0 51000
0 43000
0 47000
0 49000
0 43000
0
n01498041 ILSVRC2012_val_00001935.JPEG.npy 1.3213014049997582 n01498041
300000
0 2000000
0 600000000
0 51000
0 43000
0 47000
0 48000
0 43000
0
n01498041 ILSVRC2012_val_00002284.JPEG.npy 1.3213077799996427 n01496331
300000
0 2000000
0 600000000
0 51000
0 44000
0 46000
0 48000
0 43000
0
n01514668 ILSVRC2012_val_00000911.JPEG.npy 1.3326396540001042 n01514859
300000
0 2000000
0 600000000
0 51000
0 43000
0 48000
0 48000
0 43000
0
n01514668 ILSVRC2012_val_00000329.JPEG.npy 1.3159935500002575 n01514668
300000
0 2000000
0 600000000
0 51000
0 44000
0 47000
0 49000
0 43000
0
n01514859 ILSVRC2012_val_00001368.JPEG.npy 1.3287904599997091 n01514859
300000
0 2000000
0 600000000
0 51000
0 43000
0 47000
0 49000
0 43000
0
n01514859 ILSVRC2012_val_00001114.JPEG.npy 1.3283726280001247 n01514859
200000
0 2000000
0 600000000
0 51000
0 44000
0 48000
0 49000
0 43000
0
n01518878 ILSVRC2012_val_00001031.JPEG.npy 1.3250180989998626 n01518878
300000
0 2000000
0 600000000
0 51000
0 44000
0 48000
0 49000
0 43000
0
n01518878 ILSVRC2012_val_00001398.JPEG.npy 1.3169947540000067 n01518878
Top1:  14 / 20 0.7 
Top5:  20 / 20 1.0
Total time:  28.953973629999837
Avg per img time:  1.326560424850004
