Your ArmNN library instance does not support Onnx models parser functionality.  Skipped IOnnxParser import.
1500000
Working with ARMNN 28.0.0

tensor id: 0,
tensor info: TensorInfo{DataType: 1, IsQuantized: 0, QuantizationScale: 0.000000, QuantizationOffset: 0, IsConstant: 1, NumDimensions: 4, NumElements: 270000}

0 2000000
0 600000000
0 49000
0 41000
0 43000
0 44000
0 40000
0
n01440764 ILSVRC2012_val_00002138.JPEG.npy 1.9453912849999142 n01440764
1500000
0 2000000
0 600000000
0 50000
0 41000
0 43000
0 45000
0 41000
0
n01440764 ILSVRC2012_val_00000293.JPEG.npy 1.8128288640000392 n02526121
1500000
0 2000000
0 600000000
0 50000
0 42000
0 43000
0 45000
0 41000
0
n01443537 ILSVRC2012_val_00000236.JPEG.npy 1.8102454149998266 n01494475
1500000
0 2000000
0 600000000
0 51000
0 42000
0 44000
0 45000
0 41000
0
n01443537 ILSVRC2012_val_00000262.JPEG.npy 1.8095539170003576 n01443537
1500000
0 2000000
0 600000000
0 50000
0 42000
0 44000
0 45000
0 41000
0
n01484850 ILSVRC2012_val_00002752.JPEG.npy 1.8091222939997351 n01484850
1500000
0 2000000
0 600000000
0 51000
0 42000
0 44000
0 45000
0 41000
0
n01484850 ILSVRC2012_val_00002338.JPEG.npy 1.812432698000066 n01484850
1500000
0 2000000
0 600000000
0 51000
0 42000
0 44000
0 45000
0 41000
0
n01491361 ILSVRC2012_val_00002922.JPEG.npy 1.812769906000085 n01484850
1500000
0 2000000
0 600000000
0 51000
0 42000
0 44000
0 46000
0 42000
0
n01491361 ILSVRC2012_val_00002969.JPEG.npy 1.8135617769999044 n01484850
1500000
0 2000000
0 600000000
0 51000
0 42000
0 44000
0 46000
0 41000
0
n01494475 ILSVRC2012_val_00003558.JPEG.npy 1.8095089179996648 n01494475
1500000
0 2000000
0 600000000
0 51000
0 42000
0 44000
0 46000
0 42000
0
n01494475 ILSVRC2012_val_00001676.JPEG.npy 1.8129308630000196 n01494475
1500000
0 2000000
0 600000000
0 51000
0 42000
0 44000
0 46000
0 41000
0
n01496331 ILSVRC2012_val_00000921.JPEG.npy 1.8121422829999574 n01496331
1500000
0 2000000
0 600000000
0 45000
0 43000
0 52000
0 47000
0 41000
0
n01496331 ILSVRC2012_val_00002207.JPEG.npy 1.8133881950002433 n01496331
1500000
0 2000000
0 600000000
0 45000
0 42000
0 46000
0 52000
0 40000
0
n01498041 ILSVRC2012_val_00001935.JPEG.npy 1.808575129000019 n01498041
1500000
0 2000000
0 600000000
0 45000
0 43000
0 52000
0 48000
0 41000
0
n01498041 ILSVRC2012_val_00002284.JPEG.npy 1.8122165740001037 n01496331
1500000
0 2000000
0 600000000
0 45000
0 43000
0 53000
0 48000
0 40000
0
n01514668 ILSVRC2012_val_00000911.JPEG.npy 1.8185431749998315 n01514859
1500000
0 2000000
0 600000000
0 46000
0 43000
0 46000
0 52000
0 41000
0
n01514668 ILSVRC2012_val_00000329.JPEG.npy 1.8154969779998282 n01514668
1500000
0 2000000
0 600000000
0 46000
0 42000
0 46000
0 52000
0 41000
0
n01514859 ILSVRC2012_val_00001368.JPEG.npy 1.8098439989998951 n01514859
1500000
0 2000000
0 600000000
0 46000
0 42000
0 46000
0 52000
0 41000
0
n01514859 ILSVRC2012_val_00001114.JPEG.npy 1.8123221159999048 n01514859
1500000
0 2000000
0 600000000
0 46000
0 42000
0 46000
0 52000
0 41000
0
n01518878 ILSVRC2012_val_00001031.JPEG.npy 1.8143137740003112 n01518878
1500000
0 2000000
0 600000000
0 46000
0 42000
0 46000
0 52000
0 41000
0
n01518878 ILSVRC2012_val_00001398.JPEG.npy 1.8154556869999396 n01518878
Top1:  14 / 20 0.7 
Top5:  20 / 20 1.0
Total time:  40.08685456399962
Avg per img time:  1.8190321923499824
