Your ArmNN library instance does not support Onnx models parser functionality.  Skipped IOnnxParser import.
300000
Working with ARMNN 28.0.0

tensor id: 0,
tensor info: TensorInfo{DataType: 1, IsQuantized: 0, QuantizationScale: 0.000000, QuantizationOffset: 0, IsConstant: 1, NumDimensions: 4, NumElements: 150528}

0 2000000
0 600000000
0 54000
0 45000
0 51000
0 54000
0 42000
0
n01440764 ILSVRC2012_val_00002138.JPEG.npy 0.22031117899996389 n01440764
200000
0 2000000
0 600000000
0 53000
0 45000
0 49000
0 52000
0 43000
0
n01440764 ILSVRC2012_val_00000293.JPEG.npy 0.1881002150000768 n02536864
300000
0 2000000
0 600000000
0 52000
0 45000
0 49000
0 52000
0 43000
0
n01443537 ILSVRC2012_val_00000236.JPEG.npy 0.1878650909998214 n02607072
200000
0 2000000
0 600000000
0 52000
0 45000
0 50000
0 51000
0 43000
0
n01443537 ILSVRC2012_val_00000262.JPEG.npy 0.1881170070000735 n10565667
300000
0 2000000
0 600000000
0 52000
0 45000
0 49000
0 51000
0 43000
0
n01484850 ILSVRC2012_val_00002752.JPEG.npy 0.18712271900017186 n01484850
200000
0 2000000
0 600000000
0 52000
0 45000
0 50000
0 51000
0 43000
0
n01484850 ILSVRC2012_val_00002338.JPEG.npy 0.185873182000023 n01484850
300000
0 2000000
0 600000000
0 52000
0 45000
0 49000
0 51000
0 43000
0
n01491361 ILSVRC2012_val_00002922.JPEG.npy 0.18610830600005102 n01491361
200000
0 2000000
0 600000000
0 52000
0 45000
0 49000
0 51000
0 43000
0
n01491361 ILSVRC2012_val_00002969.JPEG.npy 0.18772109199994702 n01491361
200000
0 2000000
0 600000000
0 52000
0 45000
0 49000
0 50000
0 43000
0
n01494475 ILSVRC2012_val_00003558.JPEG.npy 0.18682134400000905 n01494475
200000
0 2000000
0 600000000
0 52000
0 45000
0 49000
0 51000
0 43000
0
n01494475 ILSVRC2012_val_00001676.JPEG.npy 0.1852743920001103 n02091032
300000
0 2000000
0 600000000
0 52000
0 45000
0 49000
0 51000
0 43000
0
n01496331 ILSVRC2012_val_00000921.JPEG.npy 0.18677151199995023 n01496331
200000
0 2000000
0 600000000
0 52000
0 45000
0 49000
0 50000
0 43000
0
n01496331 ILSVRC2012_val_00002207.JPEG.npy 0.1840647720000561 n01496331
300000
0 2000000
0 600000000
0 52000
0 45000
0 49000
0 51000
0 43000
0
n01498041 ILSVRC2012_val_00001935.JPEG.npy 0.18633176399998774 n01498041
200000
0 2000000
0 600000000
0 52000
0 45000
0 50000
0 51000
0 43000
0
n01498041 ILSVRC2012_val_00002284.JPEG.npy 0.1904227479999463 n01498041
200000
0 2000000
0 600000000
0 52000
0 45000
0 49000
0 51000
0 43000
0
n01514668 ILSVRC2012_val_00000911.JPEG.npy 0.18833088100018358 n01514859
200000
0 2000000
0 600000000
0 52000
0 45000
0 49000
0 51000
0 43000
0
n01514668 ILSVRC2012_val_00000329.JPEG.npy 0.18680442899994887 n01514668
300000
0 2000000
0 600000000
0 52000
0 45000
0 50000
0 51000
0 44000
0
n01514859 ILSVRC2012_val_00001368.JPEG.npy 0.18730671800017262 n01514859
300000
0 2000000
0 600000000
0 52000
0 45000
0 49000
0 51000
0 44000
0
n01514859 ILSVRC2012_val_00001114.JPEG.npy 0.18652030500015826 n01514859
400000
0 2000000
0 600000000
0 53000
0 45000
0 49000
0 51000
0 44000
0
n01518878 ILSVRC2012_val_00001031.JPEG.npy 0.18609772300010263 n01518878
300000
0 2000000
0 600000000
0 52000
0 45000
0 49000
0 51000
0 44000
0
n01518878 ILSVRC2012_val_00001398.JPEG.npy 0.18641443000001345 n01518878
Top1:  15 / 20 0.75 
Top5:  18 / 20 0.9
Total time:  5.983481806999862
Avg per img time:  0.18861899045003838
