Your ArmNN library instance does not support Onnx models parser functionality.  Skipped IOnnxParser import.
1500000
Working with ARMNN 28.0.0

tensor id: 0,
tensor info: TensorInfo{DataType: 1, IsQuantized: 0, QuantizationScale: 0.000000, QuantizationOffset: 0, IsConstant: 1, NumDimensions: 4, NumElements: 150528}

0 2000000
0 600000000
0 44000
0 42000
0 45000
0 51000
0 40000
0
n01440764 ILSVRC2012_val_00002138.JPEG.npy 0.32627240800002255 n01440764
1500000
0 2000000
0 600000000
0 45000
0 42000
0 45000
0 51000
0 40000
0
n01440764 ILSVRC2012_val_00000293.JPEG.npy 0.2633337679999386 n02536864
1500000
0 2000000
0 600000000
0 45000
0 42000
0 45000
0 51000
0 40000
0
n01443537 ILSVRC2012_val_00000236.JPEG.npy 0.2663504639999701 n02607072
1500000
0 2000000
0 600000000
0 45000
0 42000
0 45000
0 51000
0 40000
0
n01443537 ILSVRC2012_val_00000262.JPEG.npy 0.2657990499999414 n10565667
1500000
0 2000000
0 600000000
0 45000
0 42000
0 45000
0 51000
0 40000
0
n01484850 ILSVRC2012_val_00002752.JPEG.npy 0.2629478520000248 n01484850
1500000
0 2000000
0 600000000
0 45000
0 42000
0 45000
0 52000
0 41000
0
n01484850 ILSVRC2012_val_00002338.JPEG.npy 0.2618446479998511 n01484850
1500000
0 2000000
0 600000000
0 45000
0 42000
0 45000
0 52000
0 40000
0
n01491361 ILSVRC2012_val_00002922.JPEG.npy 0.2650018449999152 n01491361
1500000
0 2000000
0 600000000
0 45000
0 42000
0 45000
0 52000
0 41000
0
n01491361 ILSVRC2012_val_00002969.JPEG.npy 0.2634762669999873 n01491361
1500000
0 2000000
0 600000000
0 45000
0 42000
0 45000
0 52000
0 41000
0
n01494475 ILSVRC2012_val_00003558.JPEG.npy 0.264474306000011 n01494475
1500000
0 2000000
0 600000000
0 46000
0 42000
0 45000
0 52000
0 41000
0
n01494475 ILSVRC2012_val_00001676.JPEG.npy 0.26696621300015977 n02091032
1500000
0 2000000
0 600000000
0 46000
0 42000
0 45000
0 52000
0 41000
0
n01496331 ILSVRC2012_val_00000921.JPEG.npy 0.26294893599992974 n01496331
1500000
0 2000000
0 600000000
0 46000
0 42000
0 45000
0 52000
0 41000
0
n01496331 ILSVRC2012_val_00002207.JPEG.npy 0.2662112979999165 n01496331
1500000
0 2000000
0 600000000
0 46000
0 42000
0 46000
0 52000
0 41000
0
n01498041 ILSVRC2012_val_00001935.JPEG.npy 0.26156123300006584 n01498041
1500000
0 2000000
0 600000000
0 46000
0 42000
0 45000
0 52000
0 41000
0
n01498041 ILSVRC2012_val_00002284.JPEG.npy 0.26237510500004646 n01498041
1500000
0 2000000
0 600000000
0 46000
0 42000
0 46000
0 52000
0 41000
0
n01514668 ILSVRC2012_val_00000911.JPEG.npy 0.26240543700009766 n01514859
1500000
0 2000000
0 600000000
0 46000
0 42000
0 46000
0 52000
0 41000
0
n01514668 ILSVRC2012_val_00000329.JPEG.npy 0.26878445599982115 n01514668
1500000
0 2000000
0 600000000
0 46000
0 42000
0 46000
0 52000
0 41000
0
n01514859 ILSVRC2012_val_00001368.JPEG.npy 0.2659750079999412 n01514859
1500000
0 2000000
0 600000000
0 46000
0 42000
0 46000
0 52000
0 41000
0
n01514859 ILSVRC2012_val_00001114.JPEG.npy 0.26627092299986543 n01514859
1500000
0 2000000
0 600000000
0 46000
0 42000
0 46000
0 52000
0 41000
0
n01518878 ILSVRC2012_val_00001031.JPEG.npy 0.26361885000005714 n01518878
1500000
0 2000000
0 600000000
0 46000
0 42000
0 46000
0 52000
0 41000
0
n01518878 ILSVRC2012_val_00001398.JPEG.npy 0.26363485000001674 n01518878
Top1:  15 / 20 0.75 
Top5:  18 / 20 0.9
Total time:  8.52830006499994
Avg per img time:  0.26751264584997897
