Your ArmNN library instance does not support Onnx models parser functionality.  Skipped IOnnxParser import.
200000
Working with ARMNN 28.0.0

tensor id: 0,
tensor info: TensorInfo{DataType: 1, IsQuantized: 0, QuantizationScale: 0.000000, QuantizationOffset: 0, IsConstant: 1, NumDimensions: 4, NumElements: 150528}

0 2000000
0 600000000
0 49000
0 44000
0 50000
0 55000
0 40000
0
n01440764 ILSVRC2012_val_00002138.JPEG.npy 0.15939273899994078 n01440764
300000
0 2000000
0 600000000
0 50000
0 47000
0 54000
0 57000
0 41000
0
n01440764 ILSVRC2012_val_00000293.JPEG.npy 0.12461149400019167 n02536864
300000
0 2000000
0 600000000
0 51000
0 47000
0 54000
0 58000
0 41000
0
n01443537 ILSVRC2012_val_00000236.JPEG.npy 0.12285854199990354 n02607072
200000
0 2000000
0 600000000
0 52000
0 48000
0 55000
0 59000
0 42000
0
n01443537 ILSVRC2012_val_00000262.JPEG.npy 0.12271454200003973 n10565667
300000
0 2000000
0 600000000
0 53000
0 48000
0 56000
0 60000
0 42000
0
n01484850 ILSVRC2012_val_00002752.JPEG.npy 0.1246656600001188 n01484850
300000
0 2000000
0 600000000
0 53000
0 49000
0 57000
0 60000
0 42000
0
n01484850 ILSVRC2012_val_00002338.JPEG.npy 0.12150917199983269 n01484850
200000
0 2000000
0 600000000
0 54000
0 49000
0 57000
0 60000
0 43000
0
n01491361 ILSVRC2012_val_00002922.JPEG.npy 0.12360128899990741 n01491361
300000
0 2000000
0 600000000
0 54000
0 50000
0 58000
0 61000
0 43000
0
n01491361 ILSVRC2012_val_00002969.JPEG.npy 0.12383503799992468 n01491361
200000
0 2000000
0 600000000
0 54000
0 49000
0 57000
0 61000
0 43000
0
n01494475 ILSVRC2012_val_00003558.JPEG.npy 0.12422353600004499 n01494475
200000
0 2000000
0 600000000
0 54000
0 50000
0 58000
0 62000
0 43000
0
n01494475 ILSVRC2012_val_00001676.JPEG.npy 0.12078375800001595 n02091032
300000
0 2000000
0 600000000
0 55000
0 50000
0 58000
0 62000
0 44000
0
n01496331 ILSVRC2012_val_00000921.JPEG.npy 0.12362074700013181 n01496331
200000
0 2000000
0 600000000
0 56000
0 51000
0 58000
0 62000
0 44000
0
n01496331 ILSVRC2012_val_00002207.JPEG.npy 0.12101688200004901 n01496331
300000
0 2000000
0 600000000
0 55000
0 50000
0 58000
0 62000
0 44000
0
n01498041 ILSVRC2012_val_00001935.JPEG.npy 0.12400557900014064 n01498041
200000
0 2000000
0 600000000
0 55000
0 51000
0 59000
0 63000
0 44000
0
n01498041 ILSVRC2012_val_00002284.JPEG.npy 0.12235421099990162 n01498041
400000
0 2000000
0 600000000
0 54000
0 51000
0 59000
0 62000
0 44000
0
n01514668 ILSVRC2012_val_00000911.JPEG.npy 0.12330266600019968 n01514859
300000
0 2000000
0 600000000
0 56000
0 51000
0 59000
0 63000
0 44000
0
n01514668 ILSVRC2012_val_00000329.JPEG.npy 0.12455245199998899 n01514668
200000
0 2000000
0 600000000
0 55000
0 51000
0 59000
0 63000
0 44000
0
n01514859 ILSVRC2012_val_00001368.JPEG.npy 0.12399653800002852 n01514859
300000
0 2000000
0 600000000
0 55000
0 52000
0 60000
0 63000
0 44000
0
n01514859 ILSVRC2012_val_00001114.JPEG.npy 0.1220893359998172 n01514859
300000
0 2000000
0 600000000
0 55000
0 52000
0 59000
0 63000
0 44000
0
n01518878 ILSVRC2012_val_00001031.JPEG.npy 0.12285850000012033 n01518878
200000
0 2000000
0 600000000
0 56000
0 52000
0 60000
0 63000
0 45000
0
n01518878 ILSVRC2012_val_00001398.JPEG.npy 0.12362224700018487 n01518878
Top1:  15 / 20 0.75 
Top5:  18 / 20 0.9
Total time:  4.67780509399995
Avg per img time:  0.12498074640002414
