Your ArmNN library instance does not support Onnx models parser functionality.  Skipped IOnnxParser import.
300000
Working with ARMNN 28.0.0

tensor id: 0,
tensor info: TensorInfo{DataType: 1, IsQuantized: 0, QuantizationScale: 0.000000, QuantizationOffset: 0, IsConstant: 1, NumDimensions: 4, NumElements: 150528}

0 2000000
0 600000000
0 54000
0 48000
0 53000
0 59000
0 45000
0
n01440764 ILSVRC2012_val_00002138.JPEG.npy 1.290429436998238 n02167151
200000
0 2000000
0 600000000
0 50000
0 45000
0 51000
0 55000
0 45000
0
n01440764 ILSVRC2012_val_00000293.JPEG.npy 1.2611408379998466 n01695060
200000
0 2000000
0 600000000
0 51000
0 45000
0 51000
0 55000
0 45000
0
n01443537 ILSVRC2012_val_00000236.JPEG.npy 1.2626703740024823 n01950731
300000
0 2000000
0 600000000
0 50000
0 45000
0 50000
0 55000
0 45000
0
n01443537 ILSVRC2012_val_00000262.JPEG.npy 1.2589258039988636 n04296562
200000
0 2000000
0 600000000
0 50000
0 45000
0 50000
0 55000
0 45000
0
n01484850 ILSVRC2012_val_00002752.JPEG.npy 1.2611025880032685 n01484850
200000
0 2000000
0 600000000
0 50000
0 45000
0 50000
0 55000
0 44000
0
n01484850 ILSVRC2012_val_00002338.JPEG.npy 1.26317637199827 n01484850
300000
0 2000000
0 600000000
0 51000
0 45000
0 50000
0 55000
0 45000
0
n01491361 ILSVRC2012_val_00002922.JPEG.npy 1.2601028829994902 n01484850
200000
0 2000000
0 600000000
0 50000
0 45000
0 50000
0 54000
0 44000
0
n01491361 ILSVRC2012_val_00002969.JPEG.npy 1.2641202849990805 n01484850
300000
0 2000000
0 600000000
0 51000
0 45000
0 50000
0 55000
0 45000
0
n01494475 ILSVRC2012_val_00003558.JPEG.npy 1.257025020000583 n01494475
400000
0 2000000
0 600000000
0 51000
0 46000
0 51000
0 55000
0 45000
0
n01494475 ILSVRC2012_val_00001676.JPEG.npy 1.2598602590005612 n02536864
1500000
0 2000000
0 600000000
0 54000
0 49000
0 58000
0 60000
0 47000
0
n01496331 ILSVRC2012_val_00000921.JPEG.npy 1.2635205370024778 n01496331
1400000
0 2000000
0 600000000
0 55000
0 51000
0 60000
0 62000
0 48000
0
n01496331 ILSVRC2012_val_00002207.JPEG.npy 1.2688854340012767 n01496331
200000
0 2000000
0 600000000
0 56000
0 49000
0 54000
0 59000
0 48000
0
n01498041 ILSVRC2012_val_00001935.JPEG.npy 1.2556320669973502 n01498041
200000
0 2000000
0 600000000
0 52000
0 47000
0 53000
0 57000
0 47000
0
n01498041 ILSVRC2012_val_00002284.JPEG.npy 1.2607017980008095 n01496331
300000
0 2000000
0 600000000
0 51000
0 46000
0 51000
0 56000
0 46000
0
n01514668 ILSVRC2012_val_00000911.JPEG.npy 1.2577934339969943 n01514668
200000
0 2000000
0 600000000
0 51000
0 46000
0 51000
0 55000
0 46000
0
n01514668 ILSVRC2012_val_00000329.JPEG.npy 1.2606863809996867 n01514668
200000
0 2000000
0 600000000
0 51000
0 46000
0 52000
0 56000
0 45000
0
n01514859 ILSVRC2012_val_00001368.JPEG.npy 1.2622459169979265 n01514859
200000
0 2000000
0 600000000
0 51000
0 46000
0 51000
0 55000
0 45000
0
n01514859 ILSVRC2012_val_00001114.JPEG.npy 1.2621236260019941 n01514859
200000
0 2000000
0 600000000
0 51000
0 46000
0 51000
0 55000
0 45000
0
n01518878 ILSVRC2012_val_00001031.JPEG.npy 1.2545564040010504 n01518878
200000
0 2000000
0 600000000
0 51000
0 46000
0 51000
0 55000
0 45000
0
n01518878 ILSVRC2012_val_00001398.JPEG.npy 1.2596886339997582 n01518878
Top1:  12 / 20 0.6 
Top5:  19 / 20 0.95
Total time:  27.426001078998524
Avg per img time:  1.2622194046000004
