Your ArmNN library instance does not support Onnx models parser functionality.  Skipped IOnnxParser import.
1500000
Working with ARMNN 28.0.0

tensor id: 0,
tensor info: TensorInfo{DataType: 1, IsQuantized: 0, QuantizationScale: 0.000000, QuantizationOffset: 0, IsConstant: 1, NumDimensions: 4, NumElements: 150528}

0 2000000
0 600000000
0 45000
0 48000
0 46000
0 46000
0 41000
0
n01440764 ILSVRC2012_val_00002138.JPEG.npy 1.2745386210008292 n02167151
1500000
0 2000000
0 600000000
0 46000
0 48000
0 46000
0 47000
0 41000
0
n01440764 ILSVRC2012_val_00000293.JPEG.npy 1.1698438029998215 n01695060
1500000
0 2000000
0 600000000
0 46000
0 49000
0 46000
0 47000
0 42000
0
n01443537 ILSVRC2012_val_00000236.JPEG.npy 1.1653207359995577 n01950731
1500000
0 2000000
0 600000000
0 47000
0 49000
0 47000
0 47000
0 42000
0
n01443537 ILSVRC2012_val_00000262.JPEG.npy 1.160561004999181 n04296562
1500000
0 2000000
0 600000000
0 47000
0 49000
0 47000
0 47000
0 42000
0
n01484850 ILSVRC2012_val_00002752.JPEG.npy 1.1923837200010894 n01484850
1500000
0 2000000
0 600000000
0 47000
0 49000
0 47000
0 47000
0 42000
0
n01484850 ILSVRC2012_val_00002338.JPEG.npy 1.1606905459993868 n01484850
1500000
0 2000000
0 600000000
0 47000
0 49000
0 47000
0 47000
0 42000
0
n01491361 ILSVRC2012_val_00002922.JPEG.npy 1.166534440999385 n01484850
1500000
0 2000000
0 600000000
0 47000
0 49000
0 47000
0 47000
0 42000
0
n01491361 ILSVRC2012_val_00002969.JPEG.npy 1.1743254530010745 n01484850
1500000
0 2000000
0 600000000
0 47000
0 49000
0 47000
0 47000
0 42000
0
n01494475 ILSVRC2012_val_00003558.JPEG.npy 1.1639964499991038 n01494475
1500000
0 2000000
0 600000000
0 47000
0 49000
0 47000
0 47000
0 42000
0
n01494475 ILSVRC2012_val_00001676.JPEG.npy 1.1658579840004677 n02536864
1500000
0 2000000
0 600000000
0 47000
0 49000
0 47000
0 48000
0 42000
0
n01496331 ILSVRC2012_val_00000921.JPEG.npy 1.1643476150020433 n01496331
1500000
0 2000000
0 600000000
0 47000
0 49000
0 47000
0 48000
0 42000
0
n01496331 ILSVRC2012_val_00002207.JPEG.npy 1.178738061000331 n01496331
1500000
0 2000000
0 600000000
0 50000
0 50000
0 48000
0 48000
0 43000
0
n01498041 ILSVRC2012_val_00001935.JPEG.npy 1.1928055509997648 n01498041
1500000
0 2000000
0 600000000
0 47000
0 49000
0 47000
0 48000
0 43000
0
n01498041 ILSVRC2012_val_00002284.JPEG.npy 1.1659760670008836 n01496331
1500000
0 2000000
0 600000000
0 47000
0 49000
0 47000
0 48000
0 42000
0
n01514668 ILSVRC2012_val_00000911.JPEG.npy 1.1685892249988683 n01514668
1500000
0 2000000
0 600000000
0 47000
0 49000
0 47000
0 48000
0 43000
0
n01514668 ILSVRC2012_val_00000329.JPEG.npy 1.1778526490015793 n01514668
1500000
0 2000000
0 600000000
0 47000
0 49000
0 47000
0 48000
0 43000
0
n01514859 ILSVRC2012_val_00001368.JPEG.npy 1.1640696170034062 n01514859
1500000
0 2000000
0 600000000
0 47000
0 50000
0 47000
0 48000
0 42000
0
n01514859 ILSVRC2012_val_00001114.JPEG.npy 1.1540809869984514 n01514859
1500000
0 2000000
0 600000000
0 47000
0 50000
0 48000
0 48000
0 42000
0
n01518878 ILSVRC2012_val_00001031.JPEG.npy 1.1692948890013213 n01518878
1500000
0 2000000
0 600000000
0 47000
0 50000
0 48000
0 48000
0 42000
0
n01518878 ILSVRC2012_val_00001398.JPEG.npy 1.175354115999653 n01518878
Top1:  12 / 20 0.6 
Top5:  19 / 20 0.95
Total time:  26.6982906680023
Avg per img time:  1.17525807680031
