Your ArmNN library instance does not support Onnx models parser functionality.  Skipped IOnnxParser import.
300000
Working with ARMNN 28.0.0

tensor id: 0,
tensor info: TensorInfo{DataType: 1, IsQuantized: 0, QuantizationScale: 0.000000, QuantizationOffset: 0, IsConstant: 1, NumDimensions: 4, NumElements: 150528}

0 2000000
0 600000000
0 55000
0 47000
0 53000
0 55000
0 43000
0
n01440764 ILSVRC2012_val_00002138.JPEG.npy 0.47526826899957086 n02167151
300000
0 2000000
0 600000000
0 58000
0 51000
0 59000
0 61000
0 45000
0
n01440764 ILSVRC2012_val_00000293.JPEG.npy 0.4440825109995785 n01695060
300000
0 2000000
0 600000000
0 59000
0 52000
0 59000
0 62000
0 46000
0
n01443537 ILSVRC2012_val_00000236.JPEG.npy 0.44181539400051406 n01950731
200000
0 2000000
0 600000000
0 60000
0 53000
0 61000
0 64000
0 46000
0
n01443537 ILSVRC2012_val_00000262.JPEG.npy 0.44667254200066964 n04296562
300000
0 2000000
0 600000000
0 61000
0 54000
0 62000
0 64000
0 47000
0
n01484850 ILSVRC2012_val_00002752.JPEG.npy 0.4419797259997722 n01484850
200000
0 2000000
0 600000000
0 61000
0 54000
0 63000
0 64000
0 47000
0
n01484850 ILSVRC2012_val_00002338.JPEG.npy 0.44291759799853025 n01484850
300000
0 2000000
0 600000000
0 62000
0 54000
0 63000
0 65000
0 48000
0
n01491361 ILSVRC2012_val_00002922.JPEG.npy 0.445537837998927 n01484850
200000
0 2000000
0 600000000
0 62000
0 55000
0 63000
0 66000
0 48000
0
n01491361 ILSVRC2012_val_00002969.JPEG.npy 0.45900349600015034 n01484850
300000
0 2000000
0 600000000
0 62000
0 55000
0 63000
0 65000
0 48000
0
n01494475 ILSVRC2012_val_00003558.JPEG.npy 0.43170197300059954 n01494475
300000
0 2000000
0 600000000
0 63000
0 56000
0 64000
0 66000
0 49000
0
n01494475 ILSVRC2012_val_00001676.JPEG.npy 0.4467411670011643 n02536864
200000
0 2000000
0 600000000
0 63000
0 56000
0 64000
0 66000
0 49000
0
n01496331 ILSVRC2012_val_00000921.JPEG.npy 0.4336917569999059 n01496331
300000
0 2000000
0 600000000
0 64000
0 56000
0 65000
0 67000
0 49000
0
n01496331 ILSVRC2012_val_00002207.JPEG.npy 0.4447122159999708 n01496331
300000
0 2000000
0 600000000
0 64000
0 56000
0 64000
0 66000
0 49000
0
n01498041 ILSVRC2012_val_00001935.JPEG.npy 0.4328600099997857 n01498041
200000
0 2000000
0 600000000
0 64000
0 56000
0 65000
0 68000
0 49000
0
n01498041 ILSVRC2012_val_00002284.JPEG.npy 0.4507681519990001 n01496331
200000
0 2000000
0 600000000
0 63000
0 56000
0 65000
0 67000
0 49000
0
n01514668 ILSVRC2012_val_00000911.JPEG.npy 0.4489555330001167 n01514668
300000
0 2000000
0 600000000
0 64000
0 57000
0 65000
0 67000
0 50000
0
n01514668 ILSVRC2012_val_00000329.JPEG.npy 0.45665054700111796 n01514668
300000
0 2000000
0 600000000
0 64000
0 56000
0 65000
0 67000
0 50000
0
n01514859 ILSVRC2012_val_00001368.JPEG.npy 0.4488944510012516 n01514859
300000
0 2000000
0 600000000
0 64000
0 57000
0 65000
0 68000
0 50000
0
n01514859 ILSVRC2012_val_00001114.JPEG.npy 0.42349512800137745 n01514859
200000
0 2000000
0 600000000
0 64000
0 57000
0 66000
0 68000
0 50000
0
n01518878 ILSVRC2012_val_00001031.JPEG.npy 0.4421500999997079 n01518878
300000
0 2000000
0 600000000
0 65000
0 57000
0 65000
0 68000
0 50000
0
n01518878 ILSVRC2012_val_00001398.JPEG.npy 0.43482033599866554 n01518878
Top1:  12 / 20 0.6 
Top5:  19 / 20 0.95
Total time:  11.009425518999706
Avg per img time:  0.4446359372000188
