Your ArmNN library instance does not support Onnx models parser functionality.  Skipped IOnnxParser import.
300000
Working with ARMNN 28.0.0

tensor id: 0,
tensor info: TensorInfo{DataType: 1, IsQuantized: 0, QuantizationScale: 0.000000, QuantizationOffset: 0, IsConstant: 1, NumDimensions: 4, NumElements: 154587}

0 2000000
0 600000000
0 49000
0 42000
0 49000
0 49000
0 38000
0
n01440764 ILSVRC2012_val_00002138.JPEG.npy 0.08821975399996518 n02174001
200000
0 2000000
0 600000000
0 50000
0 44000
0 50000
0 51000
0 39000
0
n01440764 ILSVRC2012_val_00000293.JPEG.npy 0.06456630100001348 n02640242
300000
0 2000000
0 600000000
0 50000
0 44000
0 51000
0 51000
0 39000
0
n01443537 ILSVRC2012_val_00000236.JPEG.npy 0.06319430600024134 n01950731
300000
0 2000000
0 600000000
0 51000
0 45000
0 51000
0 52000
0 39000
0
n01443537 ILSVRC2012_val_00000262.JPEG.npy 0.06609396100020604 n01443537
200000
0 2000000
0 600000000
0 51000
0 45000
0 51000
0 52000
0 39000
0
n01484850 ILSVRC2012_val_00002752.JPEG.npy 0.06808320400023149 n01484850
200000
0 2000000
0 600000000
0 51000
0 45000
0 51000
0 52000
0 40000
0
n01484850 ILSVRC2012_val_00002338.JPEG.npy 0.06448188400008803 n01484850
200000
0 2000000
0 600000000
0 52000
0 45000
0 52000
0 53000
0 40000
0
n01491361 ILSVRC2012_val_00002922.JPEG.npy 0.06664987700014535 n01491361
300000
0 2000000
0 600000000
0 52000
0 45000
0 52000
0 53000
0 40000
0
n01491361 ILSVRC2012_val_00002969.JPEG.npy 0.06576742099969124 n01491361
300000
0 2000000
0 600000000
0 52000
0 46000
0 52000
0 53000
0 40000
0
n01494475 ILSVRC2012_val_00003558.JPEG.npy 0.06639279399996667 n01494475
300000
0 2000000
0 600000000
0 52000
0 46000
0 53000
0 54000
0 40000
0
n01494475 ILSVRC2012_val_00001676.JPEG.npy 0.06585996300009356 n02006656
300000
0 2000000
0 600000000
0 52000
0 46000
0 52000
0 53000
0 40000
0
n01496331 ILSVRC2012_val_00000921.JPEG.npy 0.06613262899963956 n01496331
200000
0 2000000
0 600000000
0 52000
0 46000
0 53000
0 54000
0 40000
0
n01496331 ILSVRC2012_val_00002207.JPEG.npy 0.06455913399986457 n01496331
300000
0 2000000
0 600000000
0 52000
0 46000
0 52000
0 54000
0 41000
0
n01498041 ILSVRC2012_val_00001935.JPEG.npy 0.0683005369996863 n01498041
200000
0 2000000
0 600000000
0 53000
0 46000
0 53000
0 54000
0 41000
0
n01498041 ILSVRC2012_val_00002284.JPEG.npy 0.06774449800013826 n01498041
300000
0 2000000
0 600000000
0 53000
0 46000
0 53000
0 54000
0 41000
0
n01514668 ILSVRC2012_val_00000911.JPEG.npy 0.06475863300011042 n01514859
200000
0 2000000
0 600000000
0 53000
0 46000
0 53000
0 54000
0 41000
0
n01514668 ILSVRC2012_val_00000329.JPEG.npy 0.06394167799999195 n01514668
300000
0 2000000
0 600000000
0 53000
0 46000
0 53000
0 54000
0 41000
0
n01514859 ILSVRC2012_val_00001368.JPEG.npy 0.06438842599982308 n01514859
200000
0 2000000
0 600000000
0 53000
0 47000
0 54000
0 55000
0 41000
0
n01514859 ILSVRC2012_val_00001114.JPEG.npy 0.06467638399999487 n01514859
300000
0 2000000
0 600000000
0 53000
0 47000
0 53000
0 55000
0 41000
0
n01518878 ILSVRC2012_val_00001031.JPEG.npy 0.06338980500004254 n01518878
300000
0 2000000
0 600000000
0 53000
0 47000
0 54000
0 54000
0 41000
0
n01518878 ILSVRC2012_val_00001398.JPEG.npy 0.06617583699971874 n01518878
Top1:  15 / 20 0.75 
Top5:  17 / 20 0.85
Total time:  3.713621274000161
Avg per img time:  0.06666885129998264
