Your ArmNN library instance does not support Onnx models parser functionality.  Skipped IOnnxParser import.
300000
Working with ARMNN 28.0.0

tensor id: 0,
tensor info: TensorInfo{DataType: 1, IsQuantized: 0, QuantizationScale: 0.000000, QuantizationOffset: 0, IsConstant: 1, NumDimensions: 4, NumElements: 154587}

0 2000000
0 600000000
0 51000
0 50000
0 48000
0 51000
0 42000
0
n01440764 ILSVRC2012_val_00002138.JPEG.npy 0.14332688200011034 n02174001
200000
0 2000000
0 600000000
0 47000
0 49000
0 48000
0 50000
0 41000
0
n01440764 ILSVRC2012_val_00000293.JPEG.npy 0.14004064400023708 n02640242
300000
0 2000000
0 600000000
0 48000
0 49000
0 48000
0 49000
0 41000
0
n01443537 ILSVRC2012_val_00000236.JPEG.npy 0.14213155399966126 n01950731
300000
0 2000000
0 600000000
0 48000
0 49000
0 47000
0 49000
0 41000
0
n01443537 ILSVRC2012_val_00000262.JPEG.npy 0.14089230799982033 n01443537
200000
0 2000000
0 600000000
0 48000
0 49000
0 47000
0 49000
0 41000
0
n01484850 ILSVRC2012_val_00002752.JPEG.npy 0.13934702200003812 n01484850
300000
0 2000000
0 600000000
0 47000
0 49000
0 47000
0 48000
0 41000
0
n01484850 ILSVRC2012_val_00002338.JPEG.npy 0.14215709500012963 n01484850
200000
0 2000000
0 600000000
0 48000
0 49000
0 47000
0 49000
0 41000
0
n01491361 ILSVRC2012_val_00002922.JPEG.npy 0.14063747600039278 n01491361
300000
0 2000000
0 600000000
0 48000
0 48000
0 47000
0 49000
0 41000
0
n01491361 ILSVRC2012_val_00002969.JPEG.npy 0.13953206299993326 n01491361
200000
0 2000000
0 600000000
0 48000
0 48000
0 46000
0 48000
0 41000
0
n01494475 ILSVRC2012_val_00003558.JPEG.npy 0.14061243400010426 n01494475
300000
0 2000000
0 600000000
0 47000
0 48000
0 46000
0 48000
0 41000
0
n01494475 ILSVRC2012_val_00001676.JPEG.npy 0.1406489750002038 n02006656
300000
0 2000000
0 600000000
0 48000
0 48000
0 47000
0 48000
0 41000
0
n01496331 ILSVRC2012_val_00000921.JPEG.npy 0.14207151199980217 n01496331
300000
0 2000000
0 600000000
0 48000
0 48000
0 46000
0 49000
0 41000
0
n01496331 ILSVRC2012_val_00002207.JPEG.npy 0.14084301600041726 n01496331
300000
0 2000000
0 600000000
0 48000
0 48000
0 46000
0 48000
0 41000
0
n01498041 ILSVRC2012_val_00001935.JPEG.npy 0.14068093300011242 n01498041
300000
0 2000000
0 600000000
0 48000
0 48000
0 47000
0 48000
0 41000
0
n01498041 ILSVRC2012_val_00002284.JPEG.npy 0.14001389500026562 n01498041
200000
0 2000000
0 600000000
0 48000
0 48000
0 47000
0 48000
0 41000
0
n01514668 ILSVRC2012_val_00000911.JPEG.npy 0.14010581100001218 n01514859
300000
0 2000000
0 600000000
0 48000
0 48000
0 46000
0 48000
0 41000
0
n01514668 ILSVRC2012_val_00000329.JPEG.npy 0.1416333060001307 n01514668
200000
0 2000000
0 600000000
0 48000
0 48000
0 46000
0 48000
0 41000
0
n01514859 ILSVRC2012_val_00001368.JPEG.npy 0.1402147679996233 n01514859
300000
0 2000000
0 600000000
0 47000
0 48000
0 47000
0 49000
0 41000
0
n01514859 ILSVRC2012_val_00001114.JPEG.npy 0.1411073489998671 n01514859
200000
0 2000000
0 600000000
0 48000
0 48000
0 46000
0 48000
0 41000
0
n01518878 ILSVRC2012_val_00001031.JPEG.npy 0.14215034500011825 n01518878
200000
0 2000000
0 600000000
0 48000
0 48000
0 47000
0 49000
0 41000
0
n01518878 ILSVRC2012_val_00001398.JPEG.npy 0.14018572699978904 n01518878
Top1:  15 / 20 0.75 
Top5:  17 / 20 0.85
Total time:  5.003959418999784
Avg per img time:  0.14091665575003845
