Your ArmNN library instance does not support Onnx models parser functionality.  Skipped IOnnxParser import.
1500000
Working with ARMNN 28.0.0

tensor id: 0,
tensor info: TensorInfo{DataType: 1, IsQuantized: 0, QuantizationScale: 0.000000, QuantizationOffset: 0, IsConstant: 1, NumDimensions: 4, NumElements: 154587}

0 2000000
0 600000000
0 47000
0 40000
0 41000
0 43000
0 38000
0
n01440764 ILSVRC2012_val_00002138.JPEG.npy 0.17462647399997877 n02174001
1500000
0 2000000
0 600000000
0 48000
0 40000
0 42000
0 43000
0 39000
0
n01440764 ILSVRC2012_val_00000293.JPEG.npy 0.1427308429997538 n02640242
1500000
0 2000000
0 600000000
0 48000
0 40000
0 42000
0 43000
0 39000
0
n01443537 ILSVRC2012_val_00000236.JPEG.npy 0.14193147100013448 n01950731
1500000
0 2000000
0 600000000
0 48000
0 40000
0 42000
0 43000
0 39000
0
n01443537 ILSVRC2012_val_00000262.JPEG.npy 0.1398953950001669 n01443537
1500000
0 2000000
0 600000000
0 48000
0 41000
0 42000
0 43000
0 39000
0
n01484850 ILSVRC2012_val_00002752.JPEG.npy 0.1397028119999959 n01484850
1500000
0 2000000
0 600000000
0 48000
0 41000
0 42000
0 43000
0 39000
0
n01484850 ILSVRC2012_val_00002338.JPEG.npy 0.14121343200031333 n01484850
1500000
0 2000000
0 600000000
0 48000
0 41000
0 42000
0 43000
0 39000
0
n01491361 ILSVRC2012_val_00002922.JPEG.npy 0.13612778300011996 n01491361
1500000
0 2000000
0 600000000
0 48000
0 41000
0 42000
0 44000
0 39000
0
n01491361 ILSVRC2012_val_00002969.JPEG.npy 0.13590911800019967 n01491361
1500000
0 2000000
0 600000000
0 48000
0 41000
0 42000
0 44000
0 39000
0
n01494475 ILSVRC2012_val_00003558.JPEG.npy 0.13607449199980692 n01494475
1500000
0 2000000
0 600000000
0 43000
0 41000
0 49000
0 45000
0 39000
0
n01494475 ILSVRC2012_val_00001676.JPEG.npy 0.13981897900021067 n02006656
1500000
0 2000000
0 600000000
0 45000
0 41000
0 50000
0 46000
0 39000
0
n01496331 ILSVRC2012_val_00000921.JPEG.npy 0.1689380370003164 n01496331
1500000
0 2000000
0 600000000
0 46000
0 46000
0 44000
0 45000
0 39000
0
n01496331 ILSVRC2012_val_00002207.JPEG.npy 0.16825949699978082 n01496331
1500000
0 2000000
0 600000000
0 44000
0 46000
0 44000
0 44000
0 39000
0
n01498041 ILSVRC2012_val_00001935.JPEG.npy 0.13711057199998322 n01498041
1500000
0 2000000
0 600000000
0 43000
0 46000
0 44000
0 44000
0 38000
0
n01498041 ILSVRC2012_val_00002284.JPEG.npy 0.1333964189998369 n01498041
1500000
0 2000000
0 600000000
0 43000
0 46000
0 43000
0 43000
0 39000
0
n01514668 ILSVRC2012_val_00000911.JPEG.npy 0.1400548520000484 n01514859
1500000
0 2000000
0 600000000
0 43000
0 46000
0 43000
0 43000
0 39000
0
n01514668 ILSVRC2012_val_00000329.JPEG.npy 0.14051735000020926 n01514668
1500000
0 2000000
0 600000000
0 43000
0 46000
0 43000
0 43000
0 39000
0
n01514859 ILSVRC2012_val_00001368.JPEG.npy 0.14094435000015437 n01514859
1500000
0 2000000
0 600000000
0 43000
0 46000
0 43000
0 43000
0 38000
0
n01514859 ILSVRC2012_val_00001114.JPEG.npy 0.13909618999969098 n01514859
1500000
0 2000000
0 600000000
0 43000
0 46000
0 43000
0 43000
0 39000
0
n01518878 ILSVRC2012_val_00001031.JPEG.npy 0.1383061930000622 n01518878
1500000
0 2000000
0 600000000
0 43000
0 46000
0 43000
0 43000
0 39000
0
n01518878 ILSVRC2012_val_00001398.JPEG.npy 0.14243463599996176 n01518878
Top1:  15 / 20 0.75 
Top5:  17 / 20 0.85
Total time:  6.252657720000116
Avg per img time:  0.14385444475003623
