Your ArmNN library instance does not support Onnx models parser functionality.  Skipped IOnnxParser import.
1500000
Working with ARMNN 28.0.0

tensor id: 0,
tensor info: TensorInfo{DataType: 1, IsQuantized: 0, QuantizationScale: 0.000000, QuantizationOffset: 0, IsConstant: 1, NumDimensions: 4, NumElements: 150528}

0 2000000
0 600000000
0 50000
0 51000
0 54000
0 52000
0 43000
0
n01440764 ILSVRC2012_val_00002138.JPEG.npy 1.1568764769999689 n01440764
1500000
0 2000000
0 600000000
0 54000
0 52000
0 51000
0 52000
0 44000
0
n01440764 ILSVRC2012_val_00000293.JPEG.npy 1.0605222940000658 n02536864
1400000
0 2000000
0 600000000
0 54000
0 52000
0 51000
0 52000
0 45000
0
n01443537 ILSVRC2012_val_00000236.JPEG.npy 1.0591951750000135 n01950731
1500000
0 2000000
0 600000000
0 54000
0 52000
0 51000
0 53000
0 45000
0
n01443537 ILSVRC2012_val_00000262.JPEG.npy 1.1574725989999024 n01443537
1500000
0 2000000
0 600000000
0 65000
0 57000
0 67000
0 69000
0 48000
0
n01484850 ILSVRC2012_val_00002752.JPEG.npy 1.0539291940001476 n01484850
1500000
0 2000000
0 600000000
0 64000
0 59000
0 66000
0 68000
0 49000
0
n01484850 ILSVRC2012_val_00002338.JPEG.npy 1.0569040579998727 n01484850
1500000
0 2000000
0 600000000
0 70000
0 61000
0 70000
0 72000
0 51000
0
n01491361 ILSVRC2012_val_00002922.JPEG.npy 1.0614565830001084 n01484850
1500000
0 2000000
0 600000000
0 69000
0 61000
0 71000
0 74000
0 51000
0
n01491361 ILSVRC2012_val_00002969.JPEG.npy 1.052270199999839 n01491361
1500000
0 2000000
0 600000000
0 68000
0 62000
0 66000
0 70000
0 52000
0
n01494475 ILSVRC2012_val_00003558.JPEG.npy 1.0514497030001166 n01494475
1500000
0 2000000
0 600000000
0 70000
0 63000
0 74000
0 76000
0 53000
0
n01494475 ILSVRC2012_val_00001676.JPEG.npy 1.0509675379998953 n02641379
1500000
0 2000000
0 600000000
0 67000
0 63000
0 70000
0 73000
0 53000
0
n01496331 ILSVRC2012_val_00000921.JPEG.npy 1.0512024549998387 n01496331
1500000
0 2000000
0 600000000
0 73000
0 64000
0 76000
0 78000
0 54000
0
n01496331 ILSVRC2012_val_00002207.JPEG.npy 1.02662796300001 n01496331
1500000
0 2000000
0 600000000
0 55000
0 56000
0 55000
0 56000
0 49000
0
n01498041 ILSVRC2012_val_00001935.JPEG.npy 1.0759096960000534 n01498041
1500000
0 2000000
0 600000000
0 52000
0 54000
0 53000
0 53000
0 47000
0
n01498041 ILSVRC2012_val_00002284.JPEG.npy 1.0211850660000437 n01496331
1500000
0 2000000
0 600000000
0 51000
0 53000
0 51000
0 51000
0 46000
0
n01514668 ILSVRC2012_val_00000911.JPEG.npy 1.0179399540002123 n01514859
1500000
0 2000000
0 600000000
0 50000
0 52000
0 50000
0 51000
0 45000
0
n01514668 ILSVRC2012_val_00000329.JPEG.npy 1.025444883000091 n01847000
1400000
0 2000000
0 600000000
0 49000
0 52000
0 50000
0 50000
0 45000
0
n01514859 ILSVRC2012_val_00001368.JPEG.npy 1.0281109160000597 n01514859
1500000
0 2000000
0 600000000
0 49000
0 51000
0 49000
0 50000
0 44000
0
n01514859 ILSVRC2012_val_00001114.JPEG.npy 1.0158330020001358 n01514859
1500000
0 2000000
0 600000000
0 49000
0 51000
0 49000
0 49000
0 44000
0
n01518878 ILSVRC2012_val_00001031.JPEG.npy 1.0251508840001406 n01518878
1500000
0 2000000
0 600000000
0 49000
0 51000
0 49000
0 49000
0 44000
0
n01518878 ILSVRC2012_val_00001398.JPEG.npy 1.0163231260000885 n01518878
Top1:  13 / 20 0.65 
Top5:  19 / 20 0.95
Total time:  24.386326916999906
Avg per img time:  1.0532385883000301
