Your ArmNN library instance does not support Onnx models parser functionality.  Skipped IOnnxParser import.
1500000
Working with ARMNN 28.0.0

tensor id: 0,
tensor info: TensorInfo{DataType: 1, IsQuantized: 0, QuantizationScale: 0.000000, QuantizationOffset: 0, IsConstant: 1, NumDimensions: 4, NumElements: 150528}

0 2000000
0 600000000
0 56000
0 52000
0 52000
0 56000
0 46000
0
n01440764 ILSVRC2012_val_00002138.JPEG.npy 0.46022132500002044 n02167151
1500000
0 2000000
0 600000000
0 58000
0 55000
0 55000
0 59000
0 47000
0
n01440764 ILSVRC2012_val_00000293.JPEG.npy 0.37585609799998565 n01695060
1500000
0 2000000
0 600000000
0 61000
0 57000
0 59000
0 63000
0 49000
0
n01443537 ILSVRC2012_val_00000236.JPEG.npy 0.388115260999939 n01950731
1500000
0 2000000
0 600000000
0 64000
0 58000
0 61000
0 66000
0 50000
0
n01443537 ILSVRC2012_val_00000262.JPEG.npy 0.38490131499997915 n04296562
1500000
0 2000000
0 600000000
0 64000
0 59000
0 61000
0 66000
0 50000
0
n01484850 ILSVRC2012_val_00002752.JPEG.npy 0.3833881119999205 n01484850
1400000
0 2000000
0 600000000
0 66000
0 60000
0 63000
0 68000
0 51000
0
n01484850 ILSVRC2012_val_00002338.JPEG.npy 0.38186545000007754 n01484850
1400000
0 2000000
0 600000000
0 65000
0 60000
0 63000
0 67000
0 51000
0
n01491361 ILSVRC2012_val_00002922.JPEG.npy 0.3770748019999246 n01484850
1500000
0 2000000
0 600000000
0 66000
0 60000
0 64000
0 69000
0 51000
0
n01491361 ILSVRC2012_val_00002969.JPEG.npy 0.3861329769999884 n01484850
1500000
0 2000000
0 600000000
0 66000
0 61000
0 63000
0 68000
0 52000
0
n01494475 ILSVRC2012_val_00003558.JPEG.npy 0.38466369000002487 n01494475
1100000
0 2000000
0 600000000
0 66000
0 61000
0 65000
0 69000
0 52000
0
n01494475 ILSVRC2012_val_00001676.JPEG.npy 0.3817548679999163 n02536864
1500000
0 2000000
0 600000000
0 66000
0 61000
0 64000
0 69000
0 52000
0
n01496331 ILSVRC2012_val_00000921.JPEG.npy 0.3784791299999597 n01496331
1300000
0 2000000
0 600000000
0 68000
0 62000
0 65000
0 70000
0 53000
0
n01496331 ILSVRC2012_val_00002207.JPEG.npy 0.3816557009999997 n01496331
1500000
0 2000000
0 600000000
0 66000
0 62000
0 65000
0 69000
0 52000
0
n01498041 ILSVRC2012_val_00001935.JPEG.npy 0.3809344129999772 n01498041
1400000
0 2000000
0 600000000
0 69000
0 62000
0 66000
0 71000
0 53000
0
n01498041 ILSVRC2012_val_00002284.JPEG.npy 0.3824495310000202 n01496331
1500000
0 2000000
0 600000000
0 66000
0 62000
0 66000
0 71000
0 53000
0
n01514668 ILSVRC2012_val_00000911.JPEG.npy 0.37627509699996153 n01514668
1500000
0 2000000
0 600000000
0 69000
0 63000
0 66000
0 71000
0 53000
0
n01514668 ILSVRC2012_val_00000329.JPEG.npy 0.3818037840001125 n01514668
1500000
0 2000000
0 600000000
0 68000
0 63000
0 66000
0 70000
0 54000
0
n01514859 ILSVRC2012_val_00001368.JPEG.npy 0.38057249700000284 n01514859
1500000
0 2000000
0 600000000
0 68000
0 63000
0 67000
0 71000
0 53000
0
n01514859 ILSVRC2012_val_00001114.JPEG.npy 0.38051541400000133 n01514859
1500000
0 2000000
0 600000000
0 69000
0 63000
0 67000
0 71000
0 54000
0
n01518878 ILSVRC2012_val_00001031.JPEG.npy 0.38345898700004 n01518878
1400000
0 2000000
0 600000000
0 69000
0 63000
0 67000
0 72000
0 54000
0
n01518878 ILSVRC2012_val_00001398.JPEG.npy 0.3762936799998897 n01518878
Top1:  12 / 20 0.6 
Top5:  19 / 20 0.95
Total time:  9.704056804999937
Avg per img time:  0.38532060659998707
