Your ArmNN library instance does not support Onnx models parser functionality.  Skipped IOnnxParser import.
300000
Working with ARMNN 28.0.0

tensor id: 0,
tensor info: TensorInfo{DataType: 1, IsQuantized: 0, QuantizationScale: 0.000000, QuantizationOffset: 0, IsConstant: 1, NumDimensions: 4, NumElements: 150528}

0 2000000
0 600000000
0 53000
0 53000
0 53000
0 54000
0 44000
0
n01440764 ILSVRC2012_val_00002138.JPEG.npy 1.102431470999818 n01440764
200000
0 2000000
0 600000000
0 50000
0 51000
0 49000
0 51000
0 45000
0
n01440764 ILSVRC2012_val_00000293.JPEG.npy 1.050308958000187 n02536864
300000
0 2000000
0 600000000
0 51000
0 51000
0 49000
0 51000
0 45000
0
n01443537 ILSVRC2012_val_00000236.JPEG.npy 1.0491149209999548 n01950731
200000
0 2000000
0 600000000
0 50000
0 51000
0 49000
0 50000
0 45000
0
n01443537 ILSVRC2012_val_00000262.JPEG.npy 1.0499604590002036 n01443537
300000
0 2000000
0 600000000
0 52000
0 51000
0 49000
0 50000
0 45000
0
n01484850 ILSVRC2012_val_00002752.JPEG.npy 1.0488389209999696 n01484850
200000
0 2000000
0 600000000
0 51000
0 51000
0 49000
0 51000
0 45000
0
n01484850 ILSVRC2012_val_00002338.JPEG.npy 1.0498926259999735 n01484850
300000
0 2000000
0 600000000
0 51000
0 51000
0 49000
0 50000
0 45000
0
n01491361 ILSVRC2012_val_00002922.JPEG.npy 1.047390010000072 n01484850
300000
0 2000000
0 600000000
0 50000
0 51000
0 49000
0 49000
0 45000
0
n01491361 ILSVRC2012_val_00002969.JPEG.npy 1.0501601250000476 n01491361
200000
0 2000000
0 600000000
0 50000
0 51000
0 49000
0 50000
0 45000
0
n01494475 ILSVRC2012_val_00003558.JPEG.npy 1.0501415829999132 n01494475
200000
0 2000000
0 600000000
0 50000
0 51000
0 49000
0 51000
0 45000
0
n01494475 ILSVRC2012_val_00001676.JPEG.npy 1.051715743999921 n02641379
200000
0 2000000
0 600000000
0 50000
0 51000
0 49000
0 50000
0 45000
0
n01496331 ILSVRC2012_val_00000921.JPEG.npy 1.0470850110000356 n01496331
200000
0 2000000
0 600000000
0 51000
0 51000
0 48000
0 50000
0 45000
0
n01496331 ILSVRC2012_val_00002207.JPEG.npy 1.0560923110001568 n01496331
300000
0 2000000
0 600000000
0 50000
0 51000
0 49000
0 51000
0 45000
0
n01498041 ILSVRC2012_val_00001935.JPEG.npy 1.0492525439999554 n01498041
200000
0 2000000
0 600000000
0 51000
0 51000
0 49000
0 51000
0 45000
0
n01498041 ILSVRC2012_val_00002284.JPEG.npy 1.050107166000089 n01496331
300000
0 2000000
0 600000000
0 51000
0 51000
0 49000
0 51000
0 45000
0
n01514668 ILSVRC2012_val_00000911.JPEG.npy 1.0479791320001368 n01514859
200000
0 2000000
0 600000000
0 51000
0 51000
0 49000
0 51000
0 45000
0
n01514668 ILSVRC2012_val_00000329.JPEG.npy 1.0528082390001146 n01847000
200000
0 2000000
0 600000000
0 51000
0 51000
0 49000
0 51000
0 45000
0
n01514859 ILSVRC2012_val_00001368.JPEG.npy 1.0495862929999475 n01514859
300000
0 2000000
0 600000000
0 51000
0 51000
0 49000
0 50000
0 45000
0
n01514859 ILSVRC2012_val_00001114.JPEG.npy 1.0508216219998303 n01514859
400000
0 2000000
0 600000000
0 51000
0 51000
0 49000
0 51000
0 45000
0
n01518878 ILSVRC2012_val_00001031.JPEG.npy 1.049049463000074 n01518878
900000
0 2000000
0 600000000
0 51000
0 52000
0 53000
0 53000
0 46000
0
n01518878 ILSVRC2012_val_00001398.JPEG.npy 1.0509046219999618 n01518878
Top1:  13 / 20 0.65 
Top5:  19 / 20 0.95
Total time:  23.171460906999982
Avg per img time:  1.052682061050018
