Your ArmNN library instance does not support Onnx models parser functionality.  Skipped IOnnxParser import.
1500000
Working with ARMNN 28.0.0

tensor id: 0,
tensor info: TensorInfo{DataType: 1, IsQuantized: 0, QuantizationScale: 0.000000, QuantizationOffset: 0, IsConstant: 1, NumDimensions: 4, NumElements: 150528}

0 2000000
0 600000000
0 46000
0 48000
0 46000
0 46000
0 41000
0
n01440764 ILSVRC2012_val_00002138.JPEG.npy 0.44713762400010637 n01440764
1500000
0 2000000
0 600000000
0 46000
0 48000
0 46000
0 46000
0 41000
0
n01440764 ILSVRC2012_val_00000293.JPEG.npy 0.3872390559999985 n02536864
1500000
0 2000000
0 600000000
0 46000
0 48000
0 46000
0 52000
0 41000
0
n01443537 ILSVRC2012_val_00000236.JPEG.npy 0.267312961000016 n02607072
1500000
0 2000000
0 600000000
0 48000
0 49000
0 47000
0 53000
0 42000
0
n01443537 ILSVRC2012_val_00000262.JPEG.npy 0.26449626299995543 n10565667
1500000
0 2000000
0 600000000
0 55000
0 50000
0 49000
0 52000
0 43000
0
n01484850 ILSVRC2012_val_00002752.JPEG.npy 0.26221993900003326 n01484850
1500000
0 2000000
0 600000000
0 56000
0 51000
0 49000
0 51000
0 44000
0
n01484850 ILSVRC2012_val_00002338.JPEG.npy 0.2592695329999515 n01484850
1500000
0 2000000
0 600000000
0 59000
0 52000
0 50000
0 51000
0 45000
0
n01491361 ILSVRC2012_val_00002922.JPEG.npy 0.262366854999982 n01491361
1500000
0 2000000
0 600000000
0 59000
0 52000
0 50000
0 52000
0 45000
0
n01491361 ILSVRC2012_val_00002969.JPEG.npy 0.26133714999991753 n01491361
1500000
0 2000000
0 600000000
0 51000
0 52000
0 52000
0 57000
0 44000
0
n01494475 ILSVRC2012_val_00003558.JPEG.npy 0.26637438099987776 n01494475
1500000
0 2000000
0 600000000
0 59000
0 52000
0 51000
0 53000
0 45000
0
n01494475 ILSVRC2012_val_00001676.JPEG.npy 0.262653187000069 n02091032
1300000
0 2000000
0 600000000
0 60000
0 53000
0 52000
0 53000
0 45000
0
n01496331 ILSVRC2012_val_00000921.JPEG.npy 0.26402563999999984 n01496331
1500000
0 2000000
0 600000000
0 58000
0 53000
0 52000
0 54000
0 46000
0
n01496331 ILSVRC2012_val_00002207.JPEG.npy 0.2664350480001758 n01496331
1500000
0 2000000
0 600000000
0 59000
0 53000
0 51000
0 53000
0 46000
0
n01498041 ILSVRC2012_val_00001935.JPEG.npy 0.26428634700005205 n01498041
1500000
0 2000000
0 600000000
0 60000
0 53000
0 51000
0 53000
0 46000
0
n01498041 ILSVRC2012_val_00002284.JPEG.npy 0.26622000699990167 n01498041
1500000
0 2000000
0 600000000
0 60000
0 53000
0 52000
0 57000
0 46000
0
n01514668 ILSVRC2012_val_00000911.JPEG.npy 0.2620413979998375 n01514859
1500000
0 2000000
0 600000000
0 54000
0 53000
0 53000
0 57000
0 45000
0
n01514668 ILSVRC2012_val_00000329.JPEG.npy 0.26243768800009093 n01514668
1500000
0 2000000
0 600000000
0 60000
0 53000
0 52000
0 54000
0 46000
0
n01514859 ILSVRC2012_val_00001368.JPEG.npy 0.2613302750000912 n01514859
1500000
0 2000000
0 600000000
0 61000
0 54000
0 53000
0 54000
0 47000
0
n01514859 ILSVRC2012_val_00001114.JPEG.npy 0.2618502730001637 n01514859
1500000
0 2000000
0 600000000
0 58000
0 54000
0 53000
0 55000
0 46000
0
n01518878 ILSVRC2012_val_00001031.JPEG.npy 0.28072462000000087 n01518878
1500000
0 2000000
0 600000000
0 59000
0 54000
0 53000
0 54000
0 46000
0
n01518878 ILSVRC2012_val_00001398.JPEG.npy 0.26412622299994837 n01518878
Top1:  15 / 20 0.75 
Top5:  18 / 20 0.9
Total time:  8.864338644999862
Avg per img time:  0.2796942234000085
