Your ArmNN library instance does not support Onnx models parser functionality.  Skipped IOnnxParser import.
1500000
Working with ARMNN 28.0.0

tensor id: 0,
tensor info: TensorInfo{DataType: 1, IsQuantized: 0, QuantizationScale: 0.000000, QuantizationOffset: 0, IsConstant: 1, NumDimensions: 4, NumElements: 150528}

0 2000000
0 600000000
0 56000
0 48000
0 54000
0 55000
0 44000
0
n01440764 ILSVRC2012_val_00002138.JPEG.npy 0.20070137600032467 n01440764
300000
0 2000000
0 600000000
0 54000
0 47000
0 53000
0 54000
0 44000
0
n01440764 ILSVRC2012_val_00000293.JPEG.npy 0.18117078300019784 n02536864
400000
0 2000000
0 600000000
0 54000
0 47000
0 53000
0 53000
0 44000
0
n01443537 ILSVRC2012_val_00000236.JPEG.npy 0.18089757500001724 n02607072
200000
0 2000000
0 600000000
0 53000
0 46000
0 51000
0 52000
0 44000
0
n01443537 ILSVRC2012_val_00000262.JPEG.npy 0.1819434459994227 n10565667
200000
0 2000000
0 600000000
0 53000
0 46000
0 50000
0 52000
0 44000
0
n01484850 ILSVRC2012_val_00002752.JPEG.npy 0.18230202800077677 n01484850
300000
0 2000000
0 600000000
0 53000
0 46000
0 50000
0 51000
0 44000
0
n01484850 ILSVRC2012_val_00002338.JPEG.npy 0.18199653000010585 n01484850
300000
0 2000000
0 600000000
0 53000
0 45000
0 50000
0 51000
0 44000
0
n01491361 ILSVRC2012_val_00002922.JPEG.npy 0.18136924000009458 n01491361
1400000
0 2000000
0 600000000
0 53000
0 45000
0 50000
0 50000
0 44000
0
n01491361 ILSVRC2012_val_00002969.JPEG.npy 0.18152786499922513 n01491361
300000
0 2000000
0 600000000
0 53000
0 45000
0 49000
0 51000
0 43000
0
n01494475 ILSVRC2012_val_00003558.JPEG.npy 0.18325823299983313 n01494475
300000
0 2000000
0 600000000
0 52000
0 45000
0 49000
0 51000
0 43000
0
n01494475 ILSVRC2012_val_00001676.JPEG.npy 0.1810188660001586 n02091032
300000
0 2000000
0 600000000
0 52000
0 45000
0 50000
0 50000
0 43000
0
n01496331 ILSVRC2012_val_00000921.JPEG.npy 0.18141807399933896 n01496331
300000
0 2000000
0 600000000
0 52000
0 45000
0 49000
0 50000
0 43000
0
n01496331 ILSVRC2012_val_00002207.JPEG.npy 0.181208365999737 n01496331
300000
0 2000000
0 600000000
0 52000
0 45000
0 50000
0 51000
0 43000
0
n01498041 ILSVRC2012_val_00001935.JPEG.npy 0.18119786599982035 n01498041
200000
0 2000000
0 600000000
0 52000
0 45000
0 48000
0 51000
0 43000
0
n01498041 ILSVRC2012_val_00002284.JPEG.npy 0.18061015999955998 n01498041
200000
0 2000000
0 600000000
0 52000
0 45000
0 49000
0 51000
0 43000
0
n01514668 ILSVRC2012_val_00000911.JPEG.npy 0.18063636799979577 n01514859
200000
0 2000000
0 600000000
0 52000
0 45000
0 50000
0 50000
0 43000
0
n01514668 ILSVRC2012_val_00000329.JPEG.npy 0.18357452399959584 n01514668
200000
0 2000000
0 600000000
0 52000
0 46000
0 50000
0 50000
0 43000
0
n01514859 ILSVRC2012_val_00001368.JPEG.npy 0.1813506150001558 n01514859
400000
0 2000000
0 600000000
0 52000
0 45000
0 49000
0 50000
0 43000
0
n01514859 ILSVRC2012_val_00001114.JPEG.npy 0.1848765189997721 n01514859
300000
0 2000000
0 600000000
0 52000
0 45000
0 49000
0 51000
0 43000
0
n01518878 ILSVRC2012_val_00001031.JPEG.npy 0.18245311099963146 n01518878
200000
0 2000000
0 600000000
0 52000
0 45000
0 49000
0 51000
0 43000
0
n01518878 ILSVRC2012_val_00001398.JPEG.npy 0.18091103400001884 n01518878
Top1:  15 / 20 0.75 
Top5:  18 / 20 0.9
Total time:  5.795247592999658
Avg per img time:  0.18272112894987913
