Your ArmNN library instance does not support Onnx models parser functionality.  Skipped IOnnxParser import.
200000
Working with ARMNN 28.0.0

tensor id: 0,
tensor info: TensorInfo{DataType: 1, IsQuantized: 0, QuantizationScale: 0.000000, QuantizationOffset: 0, IsConstant: 1, NumDimensions: 4, NumElements: 154587}

0 2000000
0 600000000
0 53000
0 47000
0 58000
0 56000
0 41000
0
n01440764 ILSVRC2012_val_00002138.JPEG.npy 0.10412294500019925 n02174001
200000
0 2000000
0 600000000
0 54000
0 49000
0 59000
0 56000
0 41000
0
n01440764 ILSVRC2012_val_00000293.JPEG.npy 0.08598917899962544 n02640242
300000
0 2000000
0 600000000
0 54000
0 52000
0 57000
0 57000
0 41000
0
n01443537 ILSVRC2012_val_00000236.JPEG.npy 0.0902450379999209 n01950731
400000
0 2000000
0 600000000
0 55000
0 51000
0 57000
0 60000
0 42000
0
n01443537 ILSVRC2012_val_00000262.JPEG.npy 0.08616222000000562 n01443537
300000
0 2000000
0 600000000
0 56000
0 51000
0 56000
0 60000
0 42000
0
n01484850 ILSVRC2012_val_00002752.JPEG.npy 0.08631605299979128 n01484850
300000
0 2000000
0 600000000
0 56000
0 51000
0 57000
0 62000
0 43000
0
n01484850 ILSVRC2012_val_00002338.JPEG.npy 0.08510339100030251 n01484850
400000
0 2000000
0 600000000
0 56000
0 51000
0 57000
0 62000
0 43000
0
n01491361 ILSVRC2012_val_00002922.JPEG.npy 0.0892496670003311 n01491361
400000
0 2000000
0 600000000
0 57000
0 52000
0 58000
0 62000
0 43000
0
n01491361 ILSVRC2012_val_00002969.JPEG.npy 0.08737688299970614 n01491361
300000
0 2000000
0 600000000
0 57000
0 52000
0 57000
0 63000
0 43000
0
n01494475 ILSVRC2012_val_00003558.JPEG.npy 0.06828557900007581 n01494475
1500000
0 2000000
0 600000000
0 57000
0 51000
0 58000
0 60000
0 44000
0
n01494475 ILSVRC2012_val_00001676.JPEG.npy 0.05780532599965227 n02006656
1500000
0 2000000
0 600000000
0 57000
0 50000
0 57000
0 60000
0 44000
0
n01496331 ILSVRC2012_val_00000921.JPEG.npy 0.064890591999756 n01496331
1400000
0 2000000
0 600000000
0 57000
0 52000
0 61000
0 60000
0 44000
0
n01496331 ILSVRC2012_val_00002207.JPEG.npy 0.0762508820007497 n01496331
700000
0 2000000
0 600000000
0 57000
0 52000
0 63000
0 61000
0 44000
0
n01498041 ILSVRC2012_val_00001935.JPEG.npy 0.06879066100009368 n01498041
400000
0 2000000
0 600000000
0 58000
0 53000
0 63000
0 62000
0 44000
0
n01498041 ILSVRC2012_val_00002284.JPEG.npy 0.08444768499975908 n01498041
300000
0 2000000
0 600000000
0 58000
0 53000
0 64000
0 61000
0 44000
0
n01514668 ILSVRC2012_val_00000911.JPEG.npy 0.08077832399976614 n01514859
300000
0 2000000
0 600000000
0 58000
0 53000
0 63000
0 61000
0 44000
0
n01514668 ILSVRC2012_val_00000329.JPEG.npy 0.07767608599988307 n01514668
1500000
0 2000000
0 600000000
0 58000
0 51000
0 59000
0 61000
0 44000
0
n01514859 ILSVRC2012_val_00001368.JPEG.npy 0.057531368999661936 n01514859
1500000
0 2000000
0 600000000
0 58000
0 51000
0 59000
0 61000
0 45000
0
n01514859 ILSVRC2012_val_00001114.JPEG.npy 0.07250977100011369 n01514859
200000
0 2000000
0 600000000
0 58000
0 53000
0 58000
0 63000
0 45000
0
n01518878 ILSVRC2012_val_00001031.JPEG.npy 0.09027295499981847 n01518878
300000
0 2000000
0 600000000
0 58000
0 53000
0 59000
0 64000
0 44000
0
n01518878 ILSVRC2012_val_00001398.JPEG.npy 0.07149485799982358 n01518878
Top1:  15 / 20 0.75 
Top5:  17 / 20 0.85
Total time:  3.7270197240004563
Avg per img time:  0.07926497319995178
