Your ArmNN library instance does not support Onnx models parser functionality.  Skipped IOnnxParser import.
300000
Working with ARMNN 28.0.0

tensor id: 0,
tensor info: TensorInfo{DataType: 1, IsQuantized: 0, QuantizationScale: 0.000000, QuantizationOffset: 0, IsConstant: 1, NumDimensions: 4, NumElements: 150528}

0 2000000
0 600000000
0 54000
0 55000
0 62000
0 60000
0 45000
0
n01440764 ILSVRC2012_val_00002138.JPEG.npy 0.5040586200000234 n02167151
300000
0 2000000
0 600000000
0 59000
0 57000
0 59000
0 61000
0 46000
0
n01440764 ILSVRC2012_val_00000293.JPEG.npy 0.3998085919999994 n01695060
1500000
0 2000000
0 600000000
0 60000
0 58000
0 60000
0 63000
0 47000
0
n01443537 ILSVRC2012_val_00000236.JPEG.npy 0.38798430299993925 n01950731
1500000
0 2000000
0 600000000
0 63000
0 59000
0 62000
0 66000
0 48000
0
n01443537 ILSVRC2012_val_00000262.JPEG.npy 0.3973451839999598 n04296562
300000
0 2000000
0 600000000
0 62000
0 59000
0 61000
0 65000
0 48000
0
n01484850 ILSVRC2012_val_00002752.JPEG.npy 0.39060083499998655 n01484850
1500000
0 2000000
0 600000000
0 63000
0 60000
0 63000
0 67000
0 49000
0
n01484850 ILSVRC2012_val_00002338.JPEG.npy 0.38957625499983806 n01484850
500000
0 2000000
0 600000000
0 63000
0 60000
0 62000
0 66000
0 49000
0
n01491361 ILSVRC2012_val_00002922.JPEG.npy 0.3859545600000729 n01484850
1500000
0 2000000
0 600000000
0 64000
0 60000
0 63000
0 67000
0 50000
0
n01491361 ILSVRC2012_val_00002969.JPEG.npy 0.39260741099997176 n01484850
300000
0 2000000
0 600000000
0 63000
0 60000
0 63000
0 67000
0 50000
0
n01494475 ILSVRC2012_val_00003558.JPEG.npy 0.3952200680000715 n01494475
1500000
0 2000000
0 600000000
0 65000
0 61000
0 65000
0 69000
0 50000
0
n01494475 ILSVRC2012_val_00001676.JPEG.npy 0.4313912249999703 n02536864
300000
0 2000000
0 600000000
0 64000
0 61000
0 64000
0 67000
0 50000
0
n01496331 ILSVRC2012_val_00000921.JPEG.npy 0.44078456500005814 n01496331
300000
0 2000000
0 600000000
0 63000
0 61000
0 63000
0 67000
0 50000
0
n01496331 ILSVRC2012_val_00002207.JPEG.npy 0.44368488699979025 n01496331
300000
0 2000000
0 600000000
0 62000
0 60000
0 62000
0 66000
0 50000
0
n01498041 ILSVRC2012_val_00001935.JPEG.npy 0.42621020199999293 n01498041
300000
0 2000000
0 600000000
0 62000
0 61000
0 63000
0 67000
0 50000
0
n01498041 ILSVRC2012_val_00002284.JPEG.npy 0.4383350320001682 n01496331
300000
0 2000000
0 600000000
0 62000
0 61000
0 63000
0 66000
0 50000
0
n01514668 ILSVRC2012_val_00000911.JPEG.npy 0.44676033400014603 n01514668
300000
0 2000000
0 600000000
0 64000
0 61000
0 63000
0 66000
0 50000
0
n01514668 ILSVRC2012_val_00000329.JPEG.npy 0.43408038100005797 n01514668
300000
0 2000000
0 600000000
0 62000
0 61000
0 63000
0 67000
0 50000
0
n01514859 ILSVRC2012_val_00001368.JPEG.npy 0.5143534979999913 n01514859
300000
0 2000000
0 600000000
0 63000
0 61000
0 63000
0 67000
0 50000
0
n01514859 ILSVRC2012_val_00001114.JPEG.npy 0.4434127619999799 n01514859
300000
0 2000000
0 600000000
0 62000
0 61000
0 63000
0 67000
0 50000
0
n01518878 ILSVRC2012_val_00001031.JPEG.npy 0.5480684970000311 n01518878
1500000
0 2000000
0 600000000
0 64000
0 61000
0 65000
0 69000
0 51000
0
n01518878 ILSVRC2012_val_00001398.JPEG.npy 0.45201785600011135 n01518878
Top1:  12 / 20 0.6 
Top5:  19 / 20 0.95
Total time:  10.733248300000014
Avg per img time:  0.433112753350008
