Your ArmNN library instance does not support Onnx models parser functionality.  Skipped IOnnxParser import.
1500000
Working with ARMNN 28.0.0

tensor id: 0,
tensor info: TensorInfo{DataType: 1, IsQuantized: 0, QuantizationScale: 0.000000, QuantizationOffset: 0, IsConstant: 1, NumDimensions: 4, NumElements: 150528}

0 2000000
0 600000000
0 52000
0 50000
0 50000
0 53000
0 42000
0
n01440764 ILSVRC2012_val_00002138.JPEG.npy 0.14796744800014494 n01440764
1500000
0 2000000
0 600000000
0 54000
0 51000
0 53000
0 56000
0 42000
0
n01440764 ILSVRC2012_val_00000293.JPEG.npy 0.11719122900012735 n02536864
1500000
0 2000000
0 600000000
0 55000
0 52000
0 53000
0 56000
0 43000
0
n01443537 ILSVRC2012_val_00000236.JPEG.npy 0.11718247899989365 n02607072
1500000
0 2000000
0 600000000
0 57000
0 53000
0 54000
0 58000
0 44000
0
n01443537 ILSVRC2012_val_00000262.JPEG.npy 0.11340220200008844 n10565667
1500000
0 2000000
0 600000000
0 56000
0 53000
0 55000
0 58000
0 44000
0
n01484850 ILSVRC2012_val_00002752.JPEG.npy 0.11549356900013663 n01484850
1500000
0 2000000
0 600000000
0 57000
0 54000
0 56000
0 59000
0 44000
0
n01484850 ILSVRC2012_val_00002338.JPEG.npy 0.13925998100012293 n01484850
1500000
0 2000000
0 600000000
0 60000
0 55000
0 59000
0 60000
0 45000
0
n01491361 ILSVRC2012_val_00002922.JPEG.npy 0.15131968600007895 n01491361
200000
0 2000000
0 600000000
0 56000
0 55000
0 63000
0 63000
0 44000
0
n01491361 ILSVRC2012_val_00002969.JPEG.npy 0.1524750150001637 n01491361
300000
0 2000000
0 600000000
0 57000
0 56000
0 64000
0 62000
0 45000
0
n01494475 ILSVRC2012_val_00003558.JPEG.npy 0.1452574579998327 n01494475
400000
0 2000000
0 600000000
0 57000
0 56000
0 67000
0 64000
0 45000
0
n01494475 ILSVRC2012_val_00001676.JPEG.npy 0.14220651100004034 n02091032
200000
0 2000000
0 600000000
0 57000
0 57000
0 67000
0 64000
0 45000
0
n01496331 ILSVRC2012_val_00000921.JPEG.npy 0.151287603000128 n01496331
300000
0 2000000
0 600000000
0 58000
0 57000
0 65000
0 64000
0 45000
0
n01496331 ILSVRC2012_val_00002207.JPEG.npy 0.14695636899978126 n01496331
900000
0 2000000
0 600000000
0 58000
0 57000
0 68000
0 65000
0 46000
0
n01498041 ILSVRC2012_val_00001935.JPEG.npy 0.14499837599987586 n01498041
200000
0 2000000
0 600000000
0 64000
0 58000
0 64000
0 65000
0 46000
0
n01498041 ILSVRC2012_val_00002284.JPEG.npy 0.13281754599984197 n01498041
1500000
0 2000000
0 600000000
0 59000
0 57000
0 61000
0 64000
0 47000
0
n01514668 ILSVRC2012_val_00000911.JPEG.npy 0.11676943900010883 n01514859
1500000
0 2000000
0 600000000
0 60000
0 57000
0 60000
0 64000
0 47000
0
n01514668 ILSVRC2012_val_00000329.JPEG.npy 0.11278649599989876 n01514668
1500000
0 2000000
0 600000000
0 59000
0 57000
0 59000
0 63000
0 47000
0
n01514859 ILSVRC2012_val_00001368.JPEG.npy 0.11617169200007993 n01514859
1500000
0 2000000
0 600000000
0 60000
0 57000
0 60000
0 64000
0 47000
0
n01514859 ILSVRC2012_val_00001114.JPEG.npy 0.11646714900007282 n01514859
1500000
0 2000000
0 600000000
0 59000
0 57000
0 60000
0 63000
0 47000
0
n01518878 ILSVRC2012_val_00001031.JPEG.npy 0.11596406699982253 n01518878
1500000
0 2000000
0 600000000
0 60000
0 57000
0 60000
0 64000
0 47000
0
n01518878 ILSVRC2012_val_00001398.JPEG.npy 0.11412790799977302 n01518878
Top1:  15 / 20 0.75 
Top5:  18 / 20 0.9
Total time:  4.609700055999838
Avg per img time:  0.13050511115000063
