Your ArmNN library instance does not support Onnx models parser functionality.  Skipped IOnnxParser import.
300000
Working with ARMNN 28.0.0

tensor id: 0,
tensor info: TensorInfo{DataType: 1, IsQuantized: 0, QuantizationScale: 0.000000, QuantizationOffset: 0, IsConstant: 1, NumDimensions: 4, NumElements: 154587}

0 2000000
0 600000000
0 54000
0 53000
0 51000
0 54000
0 44000
0
n01440764 ILSVRC2012_val_00002138.JPEG.npy 0.14454704400031915 n02174001
300000
0 2000000
0 600000000
0 51000
0 52000
0 51000
0 52000
0 44000
0
n01440764 ILSVRC2012_val_00000293.JPEG.npy 0.1407221419999587 n02640242
300000
0 2000000
0 600000000
0 51000
0 52000
0 50000
0 52000
0 44000
0
n01443537 ILSVRC2012_val_00000236.JPEG.npy 0.14026422699998875 n01950731
200000
0 2000000
0 600000000
0 50000
0 51000
0 49000
0 52000
0 44000
0
n01443537 ILSVRC2012_val_00000262.JPEG.npy 0.14256109300004027 n01443537
300000
0 2000000
0 600000000
0 51000
0 51000
0 50000
0 52000
0 44000
0
n01484850 ILSVRC2012_val_00002752.JPEG.npy 0.14084868300005837 n01484850
200000
0 2000000
0 600000000
0 50000
0 51000
0 50000
0 52000
0 44000
0
n01484850 ILSVRC2012_val_00002338.JPEG.npy 0.14171251300012955 n01484850
300000
0 2000000
0 600000000
0 51000
0 51000
0 49000
0 51000
0 44000
0
n01491361 ILSVRC2012_val_00002922.JPEG.npy 0.1407950160000837 n01491361
200000
0 2000000
0 600000000
0 51000
0 51000
0 49000
0 51000
0 44000
0
n01491361 ILSVRC2012_val_00002969.JPEG.npy 0.13950164700008827 n01491361
200000
0 2000000
0 600000000
0 51000
0 51000
0 49000
0 51000
0 44000
0
n01494475 ILSVRC2012_val_00003558.JPEG.npy 0.1407889330002945 n01494475
200000
0 2000000
0 600000000
0 50000
0 51000
0 49000
0 51000
0 44000
0
n01494475 ILSVRC2012_val_00001676.JPEG.npy 0.14015806099996553 n02006656
200000
0 2000000
0 600000000
0 51000
0 51000
0 49000
0 51000
0 44000
0
n01496331 ILSVRC2012_val_00000921.JPEG.npy 0.1411070149997613 n01496331
200000
0 2000000
0 600000000
0 50000
0 51000
0 49000
0 51000
0 44000
0
n01496331 ILSVRC2012_val_00002207.JPEG.npy 0.1404251430003569 n01496331
300000
0 2000000
0 600000000
0 50000
0 51000
0 49000
0 51000
0 44000
0
n01498041 ILSVRC2012_val_00001935.JPEG.npy 0.1399621859995932 n01498041
200000
0 2000000
0 600000000
0 50000
0 51000
0 49000
0 51000
0 44000
0
n01498041 ILSVRC2012_val_00002284.JPEG.npy 0.1407567670003118 n01498041
200000
0 2000000
0 600000000
0 51000
0 51000
0 49000
0 51000
0 44000
0
n01514668 ILSVRC2012_val_00000911.JPEG.npy 0.13936989700005142 n01514859
200000
0 2000000
0 600000000
0 50000
0 51000
0 49000
0 51000
0 44000
0
n01514668 ILSVRC2012_val_00000329.JPEG.npy 0.14129122299982555 n01514668
300000
0 2000000
0 600000000
0 51000
0 51000
0 49000
0 51000
0 44000
0
n01514859 ILSVRC2012_val_00001368.JPEG.npy 0.1405032669999855 n01514859
200000
0 2000000
0 600000000
0 50000
0 51000
0 49000
0 51000
0 44000
0
n01514859 ILSVRC2012_val_00001114.JPEG.npy 0.14110389100005705 n01514859
300000
0 2000000
0 600000000
0 51000
0 51000
0 49000
0 51000
0 44000
0
n01518878 ILSVRC2012_val_00001031.JPEG.npy 0.14106726599993635 n01518878
200000
0 2000000
0 600000000
0 50000
0 51000
0 49000
0 51000
0 44000
0
n01518878 ILSVRC2012_val_00001398.JPEG.npy 0.13990752000017892 n01518878
Top1:  15 / 20 0.75 
Top5:  17 / 20 0.85
Total time:  5.018415448999804
Avg per img time:  0.14086967670004924
