Your ArmNN library instance does not support Onnx models parser functionality.  Skipped IOnnxParser import.
300000
Working with ARMNN 28.0.0

tensor id: 0,
tensor info: TensorInfo{DataType: 1, IsQuantized: 0, QuantizationScale: 0.000000, QuantizationOffset: 0, IsConstant: 1, NumDimensions: 4, NumElements: 270000}

0 2000000
0 600000000
0 57000
0 51000
0 58000
0 63000
0 44000
0
n01440764 ILSVRC2012_val_00002138.JPEG.npy 1.1460917260000087 n01440764
300000
0 2000000
0 600000000
0 61000
0 58000
0 65000
0 66000
0 46000
0
n01440764 ILSVRC2012_val_00000293.JPEG.npy 1.0572880149999833 n02526121
300000
0 2000000
0 600000000
0 66000
0 60000
0 66000
0 68000
0 48000
0
n01443537 ILSVRC2012_val_00000236.JPEG.npy 0.9071093249999649 n01494475
1500000
0 2000000
0 600000000
0 65000
0 61000
0 66000
0 70000
0 50000
0
n01443537 ILSVRC2012_val_00000262.JPEG.npy 0.7939548310000077 n01443537
1500000
0 2000000
0 600000000
0 64000
0 61000
0 65000
0 70000
0 50000
0
n01484850 ILSVRC2012_val_00002752.JPEG.npy 0.7871996470000227 n01484850
1500000
0 2000000
0 600000000
0 66000
0 62000
0 67000
0 71000
0 51000
0
n01484850 ILSVRC2012_val_00002338.JPEG.npy 0.7995309770000176 n01484850
1500000
0 2000000
0 600000000
0 65000
0 62000
0 66000
0 71000
0 51000
0
n01491361 ILSVRC2012_val_00002922.JPEG.npy 0.7988616869999987 n01484850
1500000
0 2000000
0 600000000
0 68000
0 63000
0 68000
0 72000
0 52000
0
n01491361 ILSVRC2012_val_00002969.JPEG.npy 0.8087684409999838 n01484850
1500000
0 2000000
0 600000000
0 63000
0 60000
0 64000
0 68000
0 50000
0
n01494475 ILSVRC2012_val_00003558.JPEG.npy 0.7956273660000193 n01494475
1500000
0 2000000
0 600000000
0 67000
0 62000
0 66000
0 70000
0 51000
0
n01494475 ILSVRC2012_val_00001676.JPEG.npy 0.7988816040000302 n01494475
1500000
0 2000000
0 600000000
0 66000
0 63000
0 67000
0 71000
0 52000
0
n01496331 ILSVRC2012_val_00000921.JPEG.npy 0.8174168679999525 n01496331
1500000
0 2000000
0 600000000
0 67000
0 63000
0 68000
0 72000
0 52000
0
n01496331 ILSVRC2012_val_00002207.JPEG.npy 0.7959049890000074 n01496331
1500000
0 2000000
0 600000000
0 67000
0 64000
0 68000
0 73000
0 53000
0
n01498041 ILSVRC2012_val_00001935.JPEG.npy 0.8042420419999985 n01498041
1500000
0 2000000
0 600000000
0 69000
0 64000
0 69000
0 73000
0 53000
0
n01498041 ILSVRC2012_val_00002284.JPEG.npy 0.7955059079999955 n01496331
1500000
0 2000000
0 600000000
0 68000
0 64000
0 68000
0 73000
0 53000
0
n01514668 ILSVRC2012_val_00000911.JPEG.npy 0.8112107250000236 n01514859
1500000
0 2000000
0 600000000
0 70000
0 65000
0 69000
0 74000
0 54000
0
n01514668 ILSVRC2012_val_00000329.JPEG.npy 0.84849866899998 n01514668
1500000
0 2000000
0 600000000
0 70000
0 65000
0 71000
0 74000
0 54000
0
n01514859 ILSVRC2012_val_00001368.JPEG.npy 0.9003669330000434 n01514859
400000
0 2000000
0 600000000
0 70000
0 66000
0 72000
0 75000
0 54000
0
n01514859 ILSVRC2012_val_00001114.JPEG.npy 0.8475663799999893 n01514859
300000
0 2000000
0 600000000
0 67000
0 65000
0 70000
0 73000
0 55000
0
n01518878 ILSVRC2012_val_00001031.JPEG.npy 0.8520855720000213 n01518878
400000
0 2000000
0 600000000
0 69000
0 66000
0 72000
0 74000
0 55000
0
n01518878 ILSVRC2012_val_00001398.JPEG.npy 0.8824633749999862 n01518878
Top1:  14 / 20 0.7 
Top5:  20 / 20 1.0
Total time:  20.552800090000005
Avg per img time:  0.8524287540000017
