Your ArmNN library instance does not support Onnx models parser functionality.  Skipped IOnnxParser import.
1500000
Working with ARMNN 28.0.0

tensor id: 0,
tensor info: TensorInfo{DataType: 1, IsQuantized: 0, QuantizationScale: 0.000000, QuantizationOffset: 0, IsConstant: 1, NumDimensions: 4, NumElements: 154587}

0 2000000
0 600000000
0 75000
0 66000
0 78000
0 80000
0 54000
0
n01440764 ILSVRC2012_val_00002138.JPEG.npy 0.1660534220000045 n02174001
1500000
0 2000000
0 600000000
0 74000
0 65000
0 77000
0 79000
0 54000
0
n01440764 ILSVRC2012_val_00000293.JPEG.npy 0.1485915709999972 n02640242
900000
0 2000000
0 600000000
0 76000
0 66000
0 77000
0 79000
0 55000
0
n01443537 ILSVRC2012_val_00000236.JPEG.npy 0.14516824999998335 n01950731
1500000
0 2000000
0 600000000
0 74000
0 66000
0 78000
0 79000
0 55000
0
n01443537 ILSVRC2012_val_00000262.JPEG.npy 0.14113847400000168 n01443537
1500000
0 2000000
0 600000000
0 73000
0 65000
0 77000
0 78000
0 55000
0
n01484850 ILSVRC2012_val_00002752.JPEG.npy 0.15012577400000282 n01484850
1000000
0 2000000
0 600000000
0 74000
0 66000
0 79000
0 80000
0 55000
0
n01484850 ILSVRC2012_val_00002338.JPEG.npy 0.14759495000004108 n01484850
1100000
0 2000000
0 600000000
0 75000
0 66000
0 77000
0 79000
0 55000
0
n01491361 ILSVRC2012_val_00002922.JPEG.npy 0.14738595099998975 n01491361
300000
0 2000000
0 600000000
0 74000
0 65000
0 76000
0 79000
0 55000
0
n01491361 ILSVRC2012_val_00002969.JPEG.npy 0.1506628550000073 n01491361
1000000
0 2000000
0 600000000
0 73000
0 66000
0 77000
0 81000
0 55000
0
n01494475 ILSVRC2012_val_00003558.JPEG.npy 0.14549453999995876 n01494475
1500000
0 2000000
0 600000000
0 74000
0 66000
0 78000
0 79000
0 55000
0
n01494475 ILSVRC2012_val_00001676.JPEG.npy 0.14285050800003773 n02006656
200000
0 2000000
0 600000000
0 67000
0 65000
0 68000
0 71000
0 55000
0
n01496331 ILSVRC2012_val_00000921.JPEG.npy 0.13952952099998583 n01496331
200000
0 2000000
0 600000000
0 63000
0 62000
0 63000
0 66000
0 53000
0
n01496331 ILSVRC2012_val_00002207.JPEG.npy 0.1411395570000309 n01496331
300000
0 2000000
0 600000000
0 59000
0 60000
0 60000
0 63000
0 52000
0
n01498041 ILSVRC2012_val_00001935.JPEG.npy 0.14057889200000773 n01498041
300000
0 2000000
0 600000000
0 59000
0 59000
0 59000
0 61000
0 52000
0
n01498041 ILSVRC2012_val_00002284.JPEG.npy 0.14035551800003532 n01498041
200000
0 2000000
0 600000000
0 58000
0 59000
0 58000
0 60000
0 51000
0
n01514668 ILSVRC2012_val_00000911.JPEG.npy 0.1403554759999679 n01514859
300000
0 2000000
0 600000000
0 58000
0 58000
0 57000
0 59000
0 51000
0
n01514668 ILSVRC2012_val_00000329.JPEG.npy 0.14019497699996464 n01514668
200000
0 2000000
0 600000000
0 57000
0 58000
0 56000
0 59000
0 50000
0
n01514859 ILSVRC2012_val_00001368.JPEG.npy 0.139724187000013 n01514859
200000
0 2000000
0 600000000
0 57000
0 57000
0 56000
0 58000
0 50000
0
n01514859 ILSVRC2012_val_00001114.JPEG.npy 0.14143284699997594 n01514859
200000
0 2000000
0 600000000
0 56000
0 57000
0 55000
0 57000
0 49000
0
n01518878 ILSVRC2012_val_00001031.JPEG.npy 0.14493687600003113 n01518878
400000
0 2000000
0 600000000
0 56000
0 56000
0 55000
0 57000
0 49000
0
n01518878 ILSVRC2012_val_00001398.JPEG.npy 0.14095835000000534 n01518878
Top1:  15 / 20 0.75 
Top5:  17 / 20 0.85
Total time:  5.870065146999991
Avg per img time:  0.1447136248000021
