Your ArmNN library instance does not support Onnx models parser functionality.  Skipped IOnnxParser import.
1400000
Working with ARMNN 28.0.0

tensor id: 0,
tensor info: TensorInfo{DataType: 1, IsQuantized: 0, QuantizationScale: 0.000000, QuantizationOffset: 0, IsConstant: 1, NumDimensions: 4, NumElements: 150528}

0 2000000
0 600000000
0 57000
0 49000
0 60000
0 59000
0 47000
0
n01440764 ILSVRC2012_val_00002138.JPEG.npy 0.4391430709993074 n02167151
1500000
0 2000000
0 600000000
0 62000
0 54000
0 65000
0 66000
0 48000
0
n01440764 ILSVRC2012_val_00000293.JPEG.npy 0.38071570500051166 n01695060
1500000
0 2000000
0 600000000
0 63000
0 55000
0 66000
0 67000
0 50000
0
n01443537 ILSVRC2012_val_00000236.JPEG.npy 0.38314686299963796 n01950731
1500000
0 2000000
0 600000000
0 65000
0 56000
0 68000
0 68000
0 50000
0
n01443537 ILSVRC2012_val_00000262.JPEG.npy 0.3743322709997301 n04296562
1500000
0 2000000
0 600000000
0 65000
0 56000
0 68000
0 68000
0 51000
0
n01484850 ILSVRC2012_val_00002752.JPEG.npy 0.38704822300041997 n01484850
1500000
0 2000000
0 600000000
0 66000
0 57000
0 69000
0 70000
0 52000
0
n01484850 ILSVRC2012_val_00002338.JPEG.npy 0.3902418360003139 n01484850
1500000
0 2000000
0 600000000
0 65000
0 58000
0 69000
0 69000
0 51000
0
n01491361 ILSVRC2012_val_00002922.JPEG.npy 0.37985133300026064 n01484850
1500000
0 2000000
0 600000000
0 67000
0 58000
0 70000
0 71000
0 52000
0
n01491361 ILSVRC2012_val_00002969.JPEG.npy 0.39555648300029134 n01484850
1400000
0 2000000
0 600000000
0 68000
0 58000
0 67000
0 71000
0 52000
0
n01494475 ILSVRC2012_val_00003558.JPEG.npy 0.3789334200000667 n01494475
1500000
0 2000000
0 600000000
0 69000
0 60000
0 69000
0 72000
0 52000
0
n01494475 ILSVRC2012_val_00001676.JPEG.npy 0.3783087980000346 n02536864
1400000
0 2000000
0 600000000
0 69000
0 59000
0 67000
0 71000
0 53000
0
n01496331 ILSVRC2012_val_00000921.JPEG.npy 0.4022357080002621 n01496331
1400000
0 2000000
0 600000000
0 68000
0 60000
0 69000
0 72000
0 52000
0
n01496331 ILSVRC2012_val_00002207.JPEG.npy 0.37514068400014366 n01496331
1500000
0 2000000
0 600000000
0 70000
0 59000
0 68000
0 72000
0 53000
0
n01498041 ILSVRC2012_val_00001935.JPEG.npy 0.3779133409998394 n01498041
1400000
0 2000000
0 600000000
0 70000
0 60000
0 70000
0 73000
0 53000
0
n01498041 ILSVRC2012_val_00002284.JPEG.npy 0.36926208099976066 n01496331
1500000
0 2000000
0 600000000
0 70000
0 60000
0 69000
0 72000
0 53000
0
n01514668 ILSVRC2012_val_00000911.JPEG.npy 0.37385447999986354 n01514668
1500000
0 2000000
0 600000000
0 70000
0 60000
0 70000
0 74000
0 54000
0
n01514668 ILSVRC2012_val_00000329.JPEG.npy 0.3778565900001922 n01514668
1300000
0 2000000
0 600000000
0 69000
0 60000
0 69000
0 73000
0 53000
0
n01514859 ILSVRC2012_val_00001368.JPEG.npy 0.3754051830001117 n01514859
1500000
0 2000000
0 600000000
0 71000
0 61000
0 70000
0 74000
0 54000
0
n01514859 ILSVRC2012_val_00001114.JPEG.npy 0.3770181770005365 n01514859
1300000
0 2000000
0 600000000
0 71000
0 60000
0 70000
0 73000
0 54000
0
n01518878 ILSVRC2012_val_00001031.JPEG.npy 0.3697084960003849 n01518878
900000
0 2000000
0 600000000
0 70000
0 61000
0 71000
0 74000
0 54000
0
n01518878 ILSVRC2012_val_00001398.JPEG.npy 0.3783995470002992 n01518878
Top1:  12 / 20 0.6 
Top5:  19 / 20 0.95
Total time:  9.692068266000206
Avg per img time:  0.38320361450009843
