Your ArmNN library instance does not support Onnx models parser functionality.  Skipped IOnnxParser import.
1500000
Working with ARMNN 28.0.0

tensor id: 0,
tensor info: TensorInfo{DataType: 1, IsQuantized: 0, QuantizationScale: 0.000000, QuantizationOffset: 0, IsConstant: 1, NumDimensions: 4, NumElements: 150528}

0 2000000
0 600000000
0 47000
0 44000
0 47000
0 54000
0 42000
0
n01440764 ILSVRC2012_val_00002138.JPEG.npy 1.4855127509999875 n01440764
1500000
0 2000000
0 600000000
0 48000
0 44000
0 48000
0 55000
0 43000
0
n01440764 ILSVRC2012_val_00000293.JPEG.npy 1.3682098549998045 n02536864
1500000
0 2000000
0 600000000
0 49000
0 46000
0 60000
0 60000
0 43000
0
n01443537 ILSVRC2012_val_00000236.JPEG.npy 1.0232881840001937 n01950731
1500000
0 2000000
0 600000000
0 51000
0 48000
0 64000
0 62000
0 44000
0
n01443537 ILSVRC2012_val_00000262.JPEG.npy 1.0235232650002217 n01443537
1500000
0 2000000
0 600000000
0 61000
0 49000
0 53000
0 61000
0 47000
0
n01484850 ILSVRC2012_val_00002752.JPEG.npy 1.0209971080003015 n01484850
1500000
0 2000000
0 600000000
0 62000
0 49000
0 53000
0 61000
0 47000
0
n01484850 ILSVRC2012_val_00002338.JPEG.npy 1.0197807799995644 n01484850
1500000
0 2000000
0 600000000
0 62000
0 49000
0 53000
0 62000
0 48000
0
n01491361 ILSVRC2012_val_00002922.JPEG.npy 1.0177029119995495 n01484850
1500000
0 2000000
0 600000000
0 63000
0 50000
0 54000
0 62000
0 48000
0
n01491361 ILSVRC2012_val_00002969.JPEG.npy 1.0364581760004512 n01491361
1500000
0 2000000
0 600000000
0 63000
0 50000
0 54000
0 62000
0 48000
0
n01494475 ILSVRC2012_val_00003558.JPEG.npy 1.0635491160001038 n01494475
1500000
0 2000000
0 600000000
0 64000
0 50000
0 54000
0 63000
0 49000
0
n01494475 ILSVRC2012_val_00001676.JPEG.npy 1.095620830000371 n02641379
1500000
0 2000000
0 600000000
0 62000
0 50000
0 54000
0 63000
0 49000
0
n01496331 ILSVRC2012_val_00000921.JPEG.npy 1.0217498969996086 n01496331
1500000
0 2000000
0 600000000
0 63000
0 50000
0 55000
0 63000
0 49000
0
n01496331 ILSVRC2012_val_00002207.JPEG.npy 1.0204772360002607 n01496331
1500000
0 2000000
0 600000000
0 64000
0 51000
0 55000
0 63000
0 49000
0
n01498041 ILSVRC2012_val_00001935.JPEG.npy 1.1805556799999977 n01498041
1500000
0 2000000
0 600000000
0 63000
0 51000
0 55000
0 63000
0 49000
0
n01498041 ILSVRC2012_val_00002284.JPEG.npy 1.0351970129995607 n01496331
1500000
0 2000000
0 600000000
0 53000
0 49000
0 52000
0 59000
0 50000
0
n01514668 ILSVRC2012_val_00000911.JPEG.npy 1.0270677519993114 n01514859
1500000
0 2000000
0 600000000
0 53000
0 49000
0 52000
0 59000
0 49000
0
n01514668 ILSVRC2012_val_00000329.JPEG.npy 1.039815537999857 n01847000
1500000
0 2000000
0 600000000
0 53000
0 49000
0 52000
0 59000
0 49000
0
n01514859 ILSVRC2012_val_00001368.JPEG.npy 1.0328498139997464 n01514859
1500000
0 2000000
0 600000000
0 53000
0 49000
0 52000
0 59000
0 50000
0
n01514859 ILSVRC2012_val_00001114.JPEG.npy 1.0357513449998805 n01514859
1500000
0 2000000
0 600000000
0 53000
0 49000
0 52000
0 59000
0 50000
0
n01518878 ILSVRC2012_val_00001031.JPEG.npy 1.0638113650002197 n01518878
1500000
0 2000000
0 600000000
0 54000
0 49000
0 52000
0 59000
0 50000
0
n01518878 ILSVRC2012_val_00001398.JPEG.npy 1.0391862909991687 n01518878
Top1:  13 / 20 0.65 
Top5:  19 / 20 0.95
Total time:  24.909552507000626
Avg per img time:  1.082555245399908
