Your ArmNN library instance does not support Onnx models parser functionality.  Skipped IOnnxParser import.
1100000
Working with ARMNN 28.0.0

tensor id: 0,
tensor info: TensorInfo{DataType: 1, IsQuantized: 0, QuantizationScale: 0.000000, QuantizationOffset: 0, IsConstant: 1, NumDimensions: 4, NumElements: 150528}

0 2000000
0 600000000
0 60000
0 50000
0 56000
0 63000
0 49000
0
n01440764 ILSVRC2012_val_00002138.JPEG.npy 1.288172986999598 n02167151
1500000
0 2000000
0 600000000
0 57000
0 49000
0 54000
0 60000
0 50000
0
n01440764 ILSVRC2012_val_00000293.JPEG.npy 1.2663857770003233 n01695060
1500000
0 2000000
0 600000000
0 57000
0 49000
0 55000
0 60000
0 50000
0
n01443537 ILSVRC2012_val_00000236.JPEG.npy 1.2606982560000688 n01950731
1500000
0 2000000
0 600000000
0 57000
0 49000
0 54000
0 60000
0 50000
0
n01443537 ILSVRC2012_val_00000262.JPEG.npy 1.2667684419993748 n04296562
1400000
0 2000000
0 600000000
0 57000
0 49000
0 55000
0 60000
0 50000
0
n01484850 ILSVRC2012_val_00002752.JPEG.npy 1.2592367199995351 n01484850
1400000
0 2000000
0 600000000
0 57000
0 49000
0 55000
0 60000
0 50000
0
n01484850 ILSVRC2012_val_00002338.JPEG.npy 1.2650269069999922 n01484850
1400000
0 2000000
0 600000000
0 56000
0 50000
0 55000
0 60000
0 50000
0
n01491361 ILSVRC2012_val_00002922.JPEG.npy 1.2598630930006038 n01484850
200000
0 2000000
0 600000000
0 53000
0 48000
0 54000
0 58000
0 48000
0
n01491361 ILSVRC2012_val_00002969.JPEG.npy 1.258321223999701 n01484850
200000
0 2000000
0 600000000
0 54000
0 48000
0 52000
0 57000
0 47000
0
n01494475 ILSVRC2012_val_00003558.JPEG.npy 1.2591654699999708 n01494475
200000
0 2000000
0 600000000
0 52000
0 47000
0 53000
0 57000
0 47000
0
n01494475 ILSVRC2012_val_00001676.JPEG.npy 1.249620047999997 n02536864
300000
0 2000000
0 600000000
0 52000
0 47000
0 53000
0 57000
0 46000
0
n01496331 ILSVRC2012_val_00000921.JPEG.npy 1.2590805120007644 n01496331
200000
0 2000000
0 600000000
0 52000
0 47000
0 52000
0 56000
0 46000
0
n01496331 ILSVRC2012_val_00002207.JPEG.npy 1.2544619049995163 n01496331
200000
0 2000000
0 600000000
0 52000
0 47000
0 53000
0 57000
0 46000
0
n01498041 ILSVRC2012_val_00001935.JPEG.npy 1.259182636999867 n01498041
200000
0 2000000
0 600000000
0 53000
0 48000
0 52000
0 57000
0 47000
0
n01498041 ILSVRC2012_val_00002284.JPEG.npy 1.2574805180001931 n01496331
200000
0 2000000
0 600000000
0 52000
0 47000
0 52000
0 57000
0 46000
0
n01514668 ILSVRC2012_val_00000911.JPEG.npy 1.2591993449996153 n01514668
200000
0 2000000
0 600000000
0 52000
0 47000
0 52000
0 56000
0 46000
0
n01514668 ILSVRC2012_val_00000329.JPEG.npy 1.2590799709996645 n01514668
300000
0 2000000
0 600000000
0 52000
0 47000
0 53000
0 56000
0 46000
0
n01514859 ILSVRC2012_val_00001368.JPEG.npy 1.256118565000179 n01514859
200000
0 2000000
0 600000000
0 51000
0 47000
0 52000
0 56000
0 46000
0
n01514859 ILSVRC2012_val_00001114.JPEG.npy 1.2614187950002815 n01514859
200000
0 2000000
0 600000000
0 52000
0 47000
0 52000
0 56000
0 46000
0
n01518878 ILSVRC2012_val_00001031.JPEG.npy 1.2538689900002282 n01518878
200000
0 2000000
0 600000000
0 51000
0 47000
0 52000
0 56000
0 46000
0
n01518878 ILSVRC2012_val_00001398.JPEG.npy 1.262162542000624 n01518878
Top1:  12 / 20 0.6 
Top5:  19 / 20 0.95
Total time:  27.316334445999928
Avg per img time:  1.260765635200005
