Your ArmNN library instance does not support Onnx models parser functionality.  Skipped IOnnxParser import.
1500000
Working with ARMNN 28.0.0

tensor id: 0,
tensor info: TensorInfo{DataType: 1, IsQuantized: 0, QuantizationScale: 0.000000, QuantizationOffset: 0, IsConstant: 1, NumDimensions: 4, NumElements: 150528}

0 2000000
0 600000000
0 49000
0 52000
0 58000
0 53000
0 42000
0
n01440764 ILSVRC2012_val_00002138.JPEG.npy 1.131761904000001 n01440764
1500000
0 2000000
0 600000000
0 50000
0 53000
0 59000
0 54000
0 44000
0
n01440764 ILSVRC2012_val_00000293.JPEG.npy 1.024443386999991 n02536864
1500000
0 2000000
0 600000000
0 52000
0 53000
0 54000
0 58000
0 44000
0
n01443537 ILSVRC2012_val_00000236.JPEG.npy 1.0252207589999784 n01950731
1500000
0 2000000
0 600000000
0 52000
0 53000
0 53000
0 60000
0 45000
0
n01443537 ILSVRC2012_val_00000262.JPEG.npy 1.0273838759999876 n01443537
1500000
0 2000000
0 600000000
0 52000
0 53000
0 53000
0 59000
0 45000
0
n01484850 ILSVRC2012_val_00002752.JPEG.npy 1.1411897430000124 n01484850
1500000
0 2000000
0 600000000
0 58000
0 54000
0 53000
0 54000
0 46000
0
n01484850 ILSVRC2012_val_00002338.JPEG.npy 1.0183574520000036 n01484850
1500000
0 2000000
0 600000000
0 58000
0 53000
0 52000
0 54000
0 46000
0
n01491361 ILSVRC2012_val_00002922.JPEG.npy 1.0243513039999925 n01484850
1500000
0 2000000
0 600000000
0 51000
0 52000
0 51000
0 51000
0 45000
0
n01491361 ILSVRC2012_val_00002969.JPEG.npy 1.02945120199999 n01491361
1500000
0 2000000
0 600000000
0 49000
0 51000
0 50000
0 50000
0 44000
0
n01494475 ILSVRC2012_val_00003558.JPEG.npy 1.0253707179999765 n01494475
1500000
0 2000000
0 600000000
0 49000
0 51000
0 50000
0 51000
0 44000
0
n01494475 ILSVRC2012_val_00001676.JPEG.npy 1.0300584919999949 n02641379
1500000
0 2000000
0 600000000
0 49000
0 51000
0 52000
0 51000
0 44000
0
n01496331 ILSVRC2012_val_00000921.JPEG.npy 1.0379282529999898 n01496331
1500000
0 2000000
0 600000000
0 50000
0 52000
0 56000
0 53000
0 44000
0
n01496331 ILSVRC2012_val_00002207.JPEG.npy 1.0340814349999903 n01496331
1500000
0 2000000
0 600000000
0 50000
0 52000
0 51000
0 51000
0 44000
0
n01498041 ILSVRC2012_val_00001935.JPEG.npy 1.0297783259999846 n01498041
1500000
0 2000000
0 600000000
0 49000
0 51000
0 49000
0 49000
0 44000
0
n01498041 ILSVRC2012_val_00002284.JPEG.npy 1.0143648839999742 n01496331
1500000
0 2000000
0 600000000
0 48000
0 50000
0 48000
0 48000
0 43000
0
n01514668 ILSVRC2012_val_00000911.JPEG.npy 1.026846169999999 n01514859
1500000
0 2000000
0 600000000
0 49000
0 51000
0 49000
0 49000
0 43000
0
n01514668 ILSVRC2012_val_00000329.JPEG.npy 1.0199409870000125 n01847000
1500000
0 2000000
0 600000000
0 48000
0 51000
0 48000
0 49000
0 43000
0
n01514859 ILSVRC2012_val_00001368.JPEG.npy 1.0186564509999982 n01514859
1500000
0 2000000
0 600000000
0 48000
0 50000
0 48000
0 48000
0 43000
0
n01514859 ILSVRC2012_val_00001114.JPEG.npy 1.0545845659999884 n01514859
1500000
0 2000000
0 600000000
0 50000
0 51000
0 49000
0 50000
0 43000
0
n01518878 ILSVRC2012_val_00001031.JPEG.npy 1.021437523000003 n01518878
1500000
0 2000000
0 600000000
0 48000
0 50000
0 48000
0 48000
0 43000
0
n01518878 ILSVRC2012_val_00001398.JPEG.npy 1.0231749749999892 n01518878
Top1:  13 / 20 0.65 
Top5:  19 / 20 0.95
Total time:  24.496575006
Avg per img time:  1.037919120349993
