Your ArmNN library instance does not support Onnx models parser functionality.  Skipped IOnnxParser import.
300000
Working with ARMNN 28.0.0

tensor id: 0,
tensor info: TensorInfo{DataType: 1, IsQuantized: 0, QuantizationScale: 0.000000, QuantizationOffset: 0, IsConstant: 1, NumDimensions: 4, NumElements: 154587}

0 2000000
0 600000000
0 50000
0 47000
0 56000
0 56000
0 40000
0
n01440764 ILSVRC2012_val_00002138.JPEG.npy 0.106302395000057 n02174001
1300000
0 2000000
0 600000000
0 53000
0 50000
0 58000
0 59000
0 41000
0
n01440764 ILSVRC2012_val_00000293.JPEG.npy 0.10825655400003598 n02640242
1500000
0 2000000
0 600000000
0 53000
0 50000
0 59000
0 60000
0 42000
0
n01443537 ILSVRC2012_val_00000236.JPEG.npy 0.08264023399988218 n01950731
300000
0 2000000
0 600000000
0 57000
0 52000
0 60000
0 61000
0 42000
0
n01443537 ILSVRC2012_val_00000262.JPEG.npy 0.06618833600077778 n01443537
300000
0 2000000
0 600000000
0 54000
0 49000
0 60000
0 59000
0 42000
0
n01484850 ILSVRC2012_val_00002752.JPEG.npy 0.0689359930001956 n01484850
200000
0 2000000
0 600000000
0 54000
0 49000
0 59000
0 58000
0 42000
0
n01484850 ILSVRC2012_val_00002338.JPEG.npy 0.07049277900023299 n01484850
200000
0 2000000
0 600000000
0 52000
0 48000
0 59000
0 57000
0 42000
0
n01491361 ILSVRC2012_val_00002922.JPEG.npy 0.06813853799940262 n01491361
400000
0 2000000
0 600000000
0 52000
0 48000
0 59000
0 57000
0 42000
0
n01491361 ILSVRC2012_val_00002969.JPEG.npy 0.06750499899953866 n01491361
400000
0 2000000
0 600000000
0 52000
0 48000
0 59000
0 57000
0 42000
0
n01494475 ILSVRC2012_val_00003558.JPEG.npy 0.06431226000040624 n01494475
200000
0 2000000
0 600000000
0 52000
0 49000
0 59000
0 58000
0 42000
0
n01494475 ILSVRC2012_val_00001676.JPEG.npy 0.057893992000572325 n02006656
1500000
0 2000000
0 600000000
0 54000
0 49000
0 59000
0 58000
0 43000
0
n01496331 ILSVRC2012_val_00000921.JPEG.npy 0.0577140759996837 n01496331
1500000
0 2000000
0 600000000
0 55000
0 49000
0 59000
0 58000
0 43000
0
n01496331 ILSVRC2012_val_00002207.JPEG.npy 0.056996829000127036 n01496331
1500000
0 2000000
0 600000000
0 56000
0 50000
0 59000
0 58000
0 43000
0
n01498041 ILSVRC2012_val_00001935.JPEG.npy 0.07052269500036346 n01498041
1500000
0 2000000
0 600000000
0 55000
0 50000
0 60000
0 59000
0 43000
0
n01498041 ILSVRC2012_val_00002284.JPEG.npy 0.057335161000082735 n01498041
1500000
0 2000000
0 600000000
0 54000
0 49000
0 60000
0 60000
0 43000
0
n01514668 ILSVRC2012_val_00000911.JPEG.npy 0.057923992000723956 n01514859
1500000
0 2000000
0 600000000
0 55000
0 50000
0 60000
0 59000
0 43000
0
n01514668 ILSVRC2012_val_00000329.JPEG.npy 0.05844003200036241 n01514668
1500000
0 2000000
0 600000000
0 55000
0 49000
0 60000
0 58000
0 44000
0
n01514859 ILSVRC2012_val_00001368.JPEG.npy 0.05815303299914376 n01514859
1500000
0 2000000
0 600000000
0 54000
0 50000
0 60000
0 60000
0 44000
0
n01514859 ILSVRC2012_val_00001114.JPEG.npy 0.05779974300003232 n01514859
1500000
0 2000000
0 600000000
0 55000
0 50000
0 60000
0 59000
0 44000
0
n01518878 ILSVRC2012_val_00001031.JPEG.npy 0.05829911599994375 n01518878
1500000
0 2000000
0 600000000
0 56000
0 50000
0 60000
0 59000
0 44000
0
n01518878 ILSVRC2012_val_00001398.JPEG.npy 0.05777286800002912 n01518878
Top1:  15 / 20 0.75 
Top5:  17 / 20 0.85
Total time:  3.273291208000046
Avg per img time:  0.06758118125007968
