Your ArmNN library instance does not support Onnx models parser functionality.  Skipped IOnnxParser import.
1200000
Working with ARMNN 28.0.0

tensor id: 0,
tensor info: TensorInfo{DataType: 1, IsQuantized: 0, QuantizationScale: 0.000000, QuantizationOffset: 0, IsConstant: 1, NumDimensions: 4, NumElements: 150528}

0 2000000
0 600000000
0 50000
0 50000
0 50000
0 58000
0 42000
0
n01440764 ILSVRC2012_val_00002138.JPEG.npy 0.3435292180000147 n01440764
1100000
0 2000000
0 600000000
0 50000
0 51000
0 51000
0 57000
0 43000
0
n01440764 ILSVRC2012_val_00000293.JPEG.npy 0.26908212099999673 n02536864
1500000
0 2000000
0 600000000
0 55000
0 51000
0 51000
0 53000
0 43000
0
n01443537 ILSVRC2012_val_00000236.JPEG.npy 0.2716030290000049 n02607072
1500000
0 2000000
0 600000000
0 54000
0 51000
0 50000
0 52000
0 44000
0
n01443537 ILSVRC2012_val_00000262.JPEG.npy 0.26889341400004696 n10565667
1500000
0 2000000
0 600000000
0 54000
0 51000
0 51000
0 53000
0 44000
0
n01484850 ILSVRC2012_val_00002752.JPEG.npy 0.268958997000027 n01484850
1500000
0 2000000
0 600000000
0 54000
0 51000
0 51000
0 52000
0 44000
0
n01484850 ILSVRC2012_val_00002338.JPEG.npy 0.2694726610000089 n01484850
1500000
0 2000000
0 600000000
0 56000
0 52000
0 51000
0 53000
0 45000
0
n01491361 ILSVRC2012_val_00002922.JPEG.npy 0.2760233870000093 n01491361
1500000
0 2000000
0 600000000
0 53000
0 52000
0 53000
0 58000
0 45000
0
n01491361 ILSVRC2012_val_00002969.JPEG.npy 0.274811891000013 n01491361
1500000
0 2000000
0 600000000
0 51000
0 52000
0 52000
0 57000
0 44000
0
n01494475 ILSVRC2012_val_00003558.JPEG.npy 0.2808055360000026 n01494475
1500000
0 2000000
0 600000000
0 55000
0 53000
0 52000
0 54000
0 45000
0
n01494475 ILSVRC2012_val_00001676.JPEG.npy 0.26869620600001554 n02091032
1500000
0 2000000
0 600000000
0 55000
0 52000
0 51000
0 53000
0 45000
0
n01496331 ILSVRC2012_val_00000921.JPEG.npy 0.2699227019999739 n01496331
1500000
0 2000000
0 600000000
0 55000
0 52000
0 52000
0 56000
0 45000
0
n01496331 ILSVRC2012_val_00002207.JPEG.npy 0.2765763429999879 n01496331
1400000
0 2000000
0 600000000
0 51000
0 53000
0 56000
0 56000
0 45000
0
n01498041 ILSVRC2012_val_00001935.JPEG.npy 0.2988023859999771 n01498041
1400000
0 2000000
0 600000000
0 54000
0 53000
0 57000
0 56000
0 45000
0
n01498041 ILSVRC2012_val_00002284.JPEG.npy 0.2750915990000067 n01498041
1500000
0 2000000
0 600000000
0 61000
0 55000
0 64000
0 65000
0 46000
0
n01514668 ILSVRC2012_val_00000911.JPEG.npy 0.2737584790000369 n01514859
1500000
0 2000000
0 600000000
0 64000
0 57000
0 66000
0 68000
0 47000
0
n01514668 ILSVRC2012_val_00000329.JPEG.npy 0.2719738190000385 n01514668
1500000
0 2000000
0 600000000
0 63000
0 58000
0 67000
0 69000
0 48000
0
n01514859 ILSVRC2012_val_00001368.JPEG.npy 0.2700197419999881 n01514859
1500000
0 2000000
0 600000000
0 64000
0 58000
0 67000
0 70000
0 49000
0
n01514859 ILSVRC2012_val_00001114.JPEG.npy 0.2762165939999477 n01514859
1500000
0 2000000
0 600000000
0 65000
0 59000
0 67000
0 70000
0 50000
0
n01518878 ILSVRC2012_val_00001031.JPEG.npy 0.272846732000005 n01518878
1500000
0 2000000
0 600000000
0 64000
0 59000
0 66000
0 70000
0 50000
0
n01518878 ILSVRC2012_val_00001398.JPEG.npy 0.2717246120000141 n01518878
Top1:  15 / 20 0.75 
Top5:  18 / 20 0.9
Total time:  9.349194669999974
Avg per img time:  0.27744047340000577
