Your ArmNN library instance does not support Onnx models parser functionality.  Skipped IOnnxParser import.
1400000
Working with ARMNN 28.0.0

tensor id: 0,
tensor info: TensorInfo{DataType: 1, IsQuantized: 0, QuantizationScale: 0.000000, QuantizationOffset: 0, IsConstant: 1, NumDimensions: 4, NumElements: 150528}

0 2000000
0 600000000
0 55000
0 53000
0 54000
0 57000
0 46000
0
n01440764 ILSVRC2012_val_00002138.JPEG.npy 0.41117409099996394 n02167151
1400000
0 2000000
0 600000000
0 60000
0 56000
0 59000
0 63000
0 48000
0
n01440764 ILSVRC2012_val_00000293.JPEG.npy 0.37931396000004725 n01695060
1300000
0 2000000
0 600000000
0 62000
0 58000
0 60000
0 65000
0 48000
0
n01443537 ILSVRC2012_val_00000236.JPEG.npy 0.3784997550000071 n01950731
1300000
0 2000000
0 600000000
0 65000
0 59000
0 62000
0 66000
0 50000
0
n01443537 ILSVRC2012_val_00000262.JPEG.npy 0.3748611020000112 n04296562
1500000
0 2000000
0 600000000
0 64000
0 59000
0 62000
0 67000
0 50000
0
n01484850 ILSVRC2012_val_00002752.JPEG.npy 0.3814000360000023 n01484850
1500000
0 2000000
0 600000000
0 64000
0 60000
0 63000
0 69000
0 50000
0
n01484850 ILSVRC2012_val_00002338.JPEG.npy 0.37674109499999986 n01484850
1500000
0 2000000
0 600000000
0 64000
0 60000
0 63000
0 68000
0 50000
0
n01491361 ILSVRC2012_val_00002922.JPEG.npy 0.4235794620000206 n01484850
300000
0 2000000
0 600000000
0 63000
0 60000
0 62000
0 66000
0 50000
0
n01491361 ILSVRC2012_val_00002969.JPEG.npy 0.43521408499998415 n01484850
300000
0 2000000
0 600000000
0 61000
0 60000
0 62000
0 66000
0 49000
0
n01494475 ILSVRC2012_val_00003558.JPEG.npy 0.44910915799999884 n01494475
300000
0 2000000
0 600000000
0 61000
0 60000
0 62000
0 66000
0 49000
0
n01494475 ILSVRC2012_val_00001676.JPEG.npy 0.44995740500002057 n02536864
200000
0 2000000
0 600000000
0 61000
0 59000
0 62000
0 66000
0 49000
0
n01496331 ILSVRC2012_val_00000921.JPEG.npy 0.43851474000001645 n01496331
300000
0 2000000
0 600000000
0 63000
0 60000
0 62000
0 66000
0 50000
0
n01496331 ILSVRC2012_val_00002207.JPEG.npy 0.4540131399999723 n01496331
200000
0 2000000
0 600000000
0 61000
0 60000
0 62000
0 66000
0 49000
0
n01498041 ILSVRC2012_val_00001935.JPEG.npy 0.44939932400001226 n01498041
300000
0 2000000
0 600000000
0 62000
0 60000
0 62000
0 66000
0 50000
0
n01498041 ILSVRC2012_val_00002284.JPEG.npy 0.43804049100003795 n01496331
300000
0 2000000
0 600000000
0 62000
0 60000
0 62000
0 66000
0 50000
0
n01514668 ILSVRC2012_val_00000911.JPEG.npy 0.4359271240000453 n01514668
200000
0 2000000
0 600000000
0 63000
0 61000
0 63000
0 66000
0 50000
0
n01514668 ILSVRC2012_val_00000329.JPEG.npy 0.44699724999998125 n01514668
200000
0 2000000
0 600000000
0 62000
0 60000
0 62000
0 66000
0 50000
0
n01514859 ILSVRC2012_val_00001368.JPEG.npy 0.44194893500002763 n01514859
200000
0 2000000
0 600000000
0 63000
0 61000
0 63000
0 67000
0 50000
0
n01514859 ILSVRC2012_val_00001114.JPEG.npy 0.43961265200005073 n01514859
300000
0 2000000
0 600000000
0 62000
0 61000
0 63000
0 66000
0 50000
0
n01518878 ILSVRC2012_val_00001031.JPEG.npy 0.4426407240000003 n01518878
200000
0 2000000
0 600000000
0 63000
0 61000
0 63000
0 66000
0 50000
0
n01518878 ILSVRC2012_val_00001398.JPEG.npy 0.414578578999965 n01518878
Top1:  12 / 20 0.6 
Top5:  19 / 20 0.95
Total time:  10.67880708499996
Avg per img time:  0.39307615540000826
