Your ArmNN library instance does not support Onnx models parser functionality.  Skipped IOnnxParser import.
1500000
Working with ARMNN 28.0.0

tensor id: 0,
tensor info: TensorInfo{DataType: 1, IsQuantized: 0, QuantizationScale: 0.000000, QuantizationOffset: 0, IsConstant: 1, NumDimensions: 4, NumElements: 150528}

0 2000000
0 600000000
0 55000
0 47000
0 53000
0 59000
0 45000
0
n01440764 ILSVRC2012_val_00002138.JPEG.npy 0.4709254519999604 n01440764
1300000
0 2000000
0 600000000
0 59000
0 52000
0 60000
0 65000
0 46000
0
n01440764 ILSVRC2012_val_00000293.JPEG.npy 0.40838968499997463 n02536864
1500000
0 2000000
0 600000000
0 60000
0 53000
0 61000
0 66000
0 47000
0
n01443537 ILSVRC2012_val_00000236.JPEG.npy 0.4090414319999809 n01950731
1500000
0 2000000
0 600000000
0 61000
0 55000
0 63000
0 68000
0 48000
0
n01443537 ILSVRC2012_val_00000262.JPEG.npy 0.4113362570000163 n01443537
1400000
0 2000000
0 600000000
0 61000
0 55000
0 63000
0 68000
0 48000
0
n01484850 ILSVRC2012_val_00002752.JPEG.npy 0.4074537720000535 n01484850
1500000
0 2000000
0 600000000
0 62000
0 56000
0 65000
0 69000
0 49000
0
n01484850 ILSVRC2012_val_00002338.JPEG.npy 0.4191367699999091 n01484850
1500000
0 2000000
0 600000000
0 64000
0 56000
0 64000
0 69000
0 50000
0
n01491361 ILSVRC2012_val_00002922.JPEG.npy 0.40924193200009995 n01484850
1500000
0 2000000
0 600000000
0 65000
0 57000
0 65000
0 70000
0 50000
0
n01491361 ILSVRC2012_val_00002969.JPEG.npy 0.4073539390000178 n01491361
1400000
0 2000000
0 600000000
0 64000
0 57000
0 66000
0 70000
0 51000
0
n01494475 ILSVRC2012_val_00003558.JPEG.npy 0.4062457350000841 n01494475
1400000
0 2000000
0 600000000
0 66000
0 58000
0 67000
0 71000
0 51000
0
n01494475 ILSVRC2012_val_00001676.JPEG.npy 0.40989042900002914 n02641379
1400000
0 2000000
0 600000000
0 65000
0 58000
0 66000
0 71000
0 51000
0
n01496331 ILSVRC2012_val_00000921.JPEG.npy 0.42123722100006944 n01496331
1300000
0 2000000
0 600000000
0 66000
0 58000
0 67000
0 72000
0 52000
0
n01496331 ILSVRC2012_val_00002207.JPEG.npy 0.41152546499995424 n01496331
1500000
0 2000000
0 600000000
0 65000
0 58000
0 67000
0 72000
0 51000
0
n01498041 ILSVRC2012_val_00001935.JPEG.npy 0.4107498429999623 n01498041
1500000
0 2000000
0 600000000
0 65000
0 59000
0 68000
0 72000
0 52000
0
n01498041 ILSVRC2012_val_00002284.JPEG.npy 0.4137840399999959 n01496331
1400000
0 2000000
0 600000000
0 66000
0 59000
0 67000
0 72000
0 52000
0
n01514668 ILSVRC2012_val_00000911.JPEG.npy 0.4237817939999786 n01514859
1500000
0 2000000
0 600000000
0 67000
0 59000
0 68000
0 73000
0 52000
0
n01514668 ILSVRC2012_val_00000329.JPEG.npy 0.4106233429999975 n01847000
1500000
0 2000000
0 600000000
0 65000
0 59000
0 68000
0 72000
0 51000
0
n01514859 ILSVRC2012_val_00001368.JPEG.npy 0.4465545429999338 n01514859
400000
0 2000000
0 600000000
0 64000
0 59000
0 67000
0 72000
0 51000
0
n01514859 ILSVRC2012_val_00001114.JPEG.npy 0.4473983320000343 n01514859
200000
0 2000000
0 600000000
0 63000
0 58000
0 67000
0 71000
0 51000
0
n01518878 ILSVRC2012_val_00001031.JPEG.npy 0.44173585299995466 n01518878
300000
0 2000000
0 600000000
0 63000
0 59000
0 67000
0 71000
0 51000
0
n01518878 ILSVRC2012_val_00001398.JPEG.npy 0.44703866600002584 n01518878
Top1:  13 / 20 0.65 
Top5:  19 / 20 0.95
Total time:  10.338177523000013
Avg per img time:  0.42167222515000163
