Your ArmNN library instance does not support Onnx models parser functionality.  Skipped IOnnxParser import.
1500000
Working with ARMNN 28.0.0

tensor id: 0,
tensor info: TensorInfo{DataType: 1, IsQuantized: 0, QuantizationScale: 0.000000, QuantizationOffset: 0, IsConstant: 1, NumDimensions: 4, NumElements: 150528}

0 2000000
0 600000000
0 48000
0 45000
0 61000
0 59000
0 42000
0
n01440764 ILSVRC2012_val_00002138.JPEG.npy 0.329976477999935 n01440764
1200000
0 2000000
0 600000000
0 49000
0 50000
0 52000
0 58000
0 42000
0
n01440764 ILSVRC2012_val_00000293.JPEG.npy 0.2697009529999832 n02536864
1500000
0 2000000
0 600000000
0 56000
0 48000
0 53000
0 59000
0 44000
0
n01443537 ILSVRC2012_val_00000236.JPEG.npy 0.2729158979999511 n02607072
1500000
0 2000000
0 600000000
0 59000
0 53000
0 60000
0 63000
0 45000
0
n01443537 ILSVRC2012_val_00000262.JPEG.npy 0.28652218100000937 n10565667
1500000
0 2000000
0 600000000
0 62000
0 55000
0 64000
0 66000
0 46000
0
n01484850 ILSVRC2012_val_00002752.JPEG.npy 0.2699282849999918 n01484850
1500000
0 2000000
0 600000000
0 61000
0 56000
0 64000
0 67000
0 47000
0
n01484850 ILSVRC2012_val_00002338.JPEG.npy 0.27312281500007884 n01484850
1500000
0 2000000
0 600000000
0 61000
0 57000
0 65000
0 68000
0 48000
0
n01491361 ILSVRC2012_val_00002922.JPEG.npy 0.2726780240000153 n01491361
1500000
0 2000000
0 600000000
0 63000
0 56000
0 64000
0 69000
0 48000
0
n01491361 ILSVRC2012_val_00002969.JPEG.npy 0.2707357399999637 n01491361
1500000
0 2000000
0 600000000
0 65000
0 59000
0 66000
0 70000
0 49000
0
n01494475 ILSVRC2012_val_00003558.JPEG.npy 0.2783718370000088 n01494475
1500000
0 2000000
0 600000000
0 66000
0 61000
0 70000
0 72000
0 49000
0
n01494475 ILSVRC2012_val_00001676.JPEG.npy 0.2757318879999957 n02091032
1500000
0 2000000
0 600000000
0 66000
0 61000
0 70000
0 72000
0 50000
0
n01496331 ILSVRC2012_val_00000921.JPEG.npy 0.2744595179999578 n01496331
1500000
0 2000000
0 600000000
0 66000
0 61000
0 70000
0 72000
0 50000
0
n01496331 ILSVRC2012_val_00002207.JPEG.npy 0.27562288899991927 n01496331
1500000
0 2000000
0 600000000
0 67000
0 61000
0 70000
0 72000
0 50000
0
n01498041 ILSVRC2012_val_00001935.JPEG.npy 0.2716416119999394 n01498041
1400000
0 2000000
0 600000000
0 67000
0 61000
0 71000
0 73000
0 50000
0
n01498041 ILSVRC2012_val_00002284.JPEG.npy 0.2714997379999886 n01498041
1500000
0 2000000
0 600000000
0 66000
0 62000
0 71000
0 73000
0 51000
0
n01514668 ILSVRC2012_val_00000911.JPEG.npy 0.27172952800003713 n01514859
1500000
0 2000000
0 600000000
0 66000
0 62000
0 70000
0 73000
0 51000
0
n01514668 ILSVRC2012_val_00000329.JPEG.npy 0.2718227359999901 n01514668
1500000
0 2000000
0 600000000
0 66000
0 61000
0 69000
0 72000
0 51000
0
n01514859 ILSVRC2012_val_00001368.JPEG.npy 0.27447389300004943 n01514859
1500000
0 2000000
0 600000000
0 66000
0 59000
0 68000
0 72000
0 52000
0
n01514859 ILSVRC2012_val_00001114.JPEG.npy 0.2744347270000844 n01514859
1500000
0 2000000
0 600000000
0 68000
0 61000
0 68000
0 73000
0 52000
0
n01518878 ILSVRC2012_val_00001031.JPEG.npy 0.2732943980000755 n01518878
1500000
0 2000000
0 600000000
0 69000
0 63000
0 73000
0 75000
0 52000
0
n01518878 ILSVRC2012_val_00001398.JPEG.npy 0.2766815929999211 n01518878
Top1:  15 / 20 0.75 
Top5:  18 / 20 0.9
Total time:  9.159487753000008
Avg per img time:  0.2767672365499948
