Your ArmNN library instance does not support Onnx models parser functionality.  Skipped IOnnxParser import.
1500000
Working with ARMNN 28.0.0

tensor id: 0,
tensor info: TensorInfo{DataType: 1, IsQuantized: 0, QuantizationScale: 0.000000, QuantizationOffset: 0, IsConstant: 1, NumDimensions: 4, NumElements: 154587}

0 2000000
0 600000000
0 52000
0 46000
0 58000
0 52000
0 41000
0
n01440764 ILSVRC2012_val_00002138.JPEG.npy 0.1773784209999576 n02174001
1500000
0 2000000
0 600000000
0 53000
0 50000
0 51000
0 53000
0 41000
0
n01440764 ILSVRC2012_val_00000293.JPEG.npy 0.14294313399932435 n02640242
1500000
0 2000000
0 600000000
0 55000
0 49000
0 56000
0 58000
0 42000
0
n01443537 ILSVRC2012_val_00000236.JPEG.npy 0.1430255080003917 n01950731
1500000
0 2000000
0 600000000
0 55000
0 47000
0 51000
0 57000
0 43000
0
n01443537 ILSVRC2012_val_00000262.JPEG.npy 0.14668507799979125 n01443537
1500000
0 2000000
0 600000000
0 58000
0 56000
0 67000
0 64000
0 44000
0
n01484850 ILSVRC2012_val_00002752.JPEG.npy 0.1403012270002364 n01484850
1500000
0 2000000
0 600000000
0 60000
0 58000
0 68000
0 67000
0 45000
0
n01484850 ILSVRC2012_val_00002338.JPEG.npy 0.137996192999708 n01484850
1500000
0 2000000
0 600000000
0 60000
0 56000
0 62000
0 65000
0 45000
0
n01491361 ILSVRC2012_val_00002922.JPEG.npy 0.14342309000039677 n01491361
1500000
0 2000000
0 600000000
0 61000
0 59000
0 67000
0 71000
0 46000
0
n01491361 ILSVRC2012_val_00002969.JPEG.npy 0.14064826699996047 n01491361
1500000
0 2000000
0 600000000
0 62000
0 60000
0 71000
0 70000
0 46000
0
n01494475 ILSVRC2012_val_00003558.JPEG.npy 0.14105126499998732 n01494475
1500000
0 2000000
0 600000000
0 62000
0 56000
0 67000
0 65000
0 47000
0
n01494475 ILSVRC2012_val_00001676.JPEG.npy 0.15093489500031865 n02006656
1500000
0 2000000
0 600000000
0 63000
0 61000
0 72000
0 71000
0 47000
0
n01496331 ILSVRC2012_val_00000921.JPEG.npy 0.14186501199947088 n01496331
1500000
0 2000000
0 600000000
0 64000
0 61000
0 73000
0 73000
0 48000
0
n01496331 ILSVRC2012_val_00002207.JPEG.npy 0.13815640099983284 n01496331
1500000
0 2000000
0 600000000
0 63000
0 61000
0 68000
0 70000
0 48000
0
n01498041 ILSVRC2012_val_00001935.JPEG.npy 0.18452989500019612 n01498041
1500000
0 2000000
0 600000000
0 65000
0 61000
0 72000
0 74000
0 49000
0
n01498041 ILSVRC2012_val_00002284.JPEG.npy 0.15430021599968313 n01498041
1500000
0 2000000
0 600000000
0 65000
0 63000
0 74000
0 74000
0 49000
0
n01514668 ILSVRC2012_val_00000911.JPEG.npy 0.1414029309999023 n01514859
1500000
0 2000000
0 600000000
0 64000
0 60000
0 71000
0 73000
0 49000
0
n01514668 ILSVRC2012_val_00000329.JPEG.npy 0.14029401799962216 n01514668
1500000
0 2000000
0 600000000
0 65000
0 64000
0 71000
0 75000
0 49000
0
n01514859 ILSVRC2012_val_00001368.JPEG.npy 0.14008668499991472 n01514859
1500000
0 2000000
0 600000000
0 66000
0 63000
0 74000
0 75000
0 50000
0
n01514859 ILSVRC2012_val_00001114.JPEG.npy 0.15312747099960689 n01514859
1500000
0 2000000
0 600000000
0 65000
0 63000
0 70000
0 72000
0 49000
0
n01518878 ILSVRC2012_val_00001031.JPEG.npy 0.13945456300007208 n01518878
1500000
0 2000000
0 600000000
0 66000
0 64000
0 74000
0 75000
0 50000
0
n01518878 ILSVRC2012_val_00001398.JPEG.npy 0.1392021889996613 n01518878
Top1:  15 / 20 0.75 
Top5:  17 / 20 0.85
Total time:  6.361417938999693
Avg per img time:  0.14684032294990174
