Your ArmNN library instance does not support Onnx models parser functionality.  Skipped IOnnxParser import.
500000
Working with ARMNN 28.0.0

tensor id: 0,
tensor info: TensorInfo{DataType: 1, IsQuantized: 0, QuantizationScale: 0.000000, QuantizationOffset: 0, IsConstant: 1, NumDimensions: 4, NumElements: 150528}

0 2000000
0 600000000
0 57000
0 51000
0 57000
0 59000
0 44000
0
n01440764 ILSVRC2012_val_00002138.JPEG.npy 0.22575132400015718 n01440764
200000
0 2000000
0 600000000
0 56000
0 50000
0 56000
0 59000
0 45000
0
n01440764 ILSVRC2012_val_00000293.JPEG.npy 0.18767617499997868 n02536864
600000
0 2000000
0 600000000
0 57000
0 51000
0 57000
0 59000
0 45000
0
n01443537 ILSVRC2012_val_00000236.JPEG.npy 0.18936845999996876 n02607072
300000
0 2000000
0 600000000
0 57000
0 52000
0 56000
0 58000
0 45000
0
n01443537 ILSVRC2012_val_00000262.JPEG.npy 0.1882783399996697 n10565667
300000
0 2000000
0 600000000
0 56000
0 52000
0 55000
0 56000
0 45000
0
n01484850 ILSVRC2012_val_00002752.JPEG.npy 0.1915645349999977 n01484850
400000
0 2000000
0 600000000
0 56000
0 53000
0 58000
0 59000
0 45000
0
n01484850 ILSVRC2012_val_00002338.JPEG.npy 0.18648067999993145 n01484850
200000
0 2000000
0 600000000
0 55000
0 54000
0 56000
0 58000
0 45000
0
n01491361 ILSVRC2012_val_00002922.JPEG.npy 0.18730859300012526 n01491361
300000
0 2000000
0 600000000
0 55000
0 53000
0 55000
0 57000
0 45000
0
n01491361 ILSVRC2012_val_00002969.JPEG.npy 0.1866475960000571 n01491361
400000
0 2000000
0 600000000
0 56000
0 53000
0 56000
0 57000
0 46000
0
n01494475 ILSVRC2012_val_00003558.JPEG.npy 0.18302510900002744 n01494475
300000
0 2000000
0 600000000
0 58000
0 54000
0 61000
0 61000
0 46000
0
n01494475 ILSVRC2012_val_00001676.JPEG.npy 0.1898855829999775 n02091032
200000
0 2000000
0 600000000
0 63000
0 57000
0 63000
0 63000
0 47000
0
n01496331 ILSVRC2012_val_00000921.JPEG.npy 0.1859120150002127 n01496331
1000000
0 2000000
0 600000000
0 64000
0 58000
0 67000
0 69000
0 48000
0
n01496331 ILSVRC2012_val_00002207.JPEG.npy 0.1882215890000225 n01496331
600000
0 2000000
0 600000000
0 63000
0 58000
0 66000
0 67000
0 48000
0
n01498041 ILSVRC2012_val_00001935.JPEG.npy 0.18993825000006836 n01498041
300000
0 2000000
0 600000000
0 65000
0 59000
0 66000
0 67000
0 49000
0
n01498041 ILSVRC2012_val_00002284.JPEG.npy 0.18737905099987984 n01498041
800000
0 2000000
0 600000000
0 66000
0 59000
0 70000
0 71000
0 49000
0
n01514668 ILSVRC2012_val_00000911.JPEG.npy 0.18459597799983385 n01514859
400000
0 2000000
0 600000000
0 64000
0 59000
0 67000
0 68000
0 49000
0
n01514668 ILSVRC2012_val_00000329.JPEG.npy 0.18851300500000434 n01514668
300000
0 2000000
0 600000000
0 65000
0 60000
0 66000
0 68000
0 50000
0
n01514859 ILSVRC2012_val_00001368.JPEG.npy 0.18600930699994933 n01514859
1100000
0 2000000
0 600000000
0 67000
0 61000
0 71000
0 73000
0 50000
0
n01514859 ILSVRC2012_val_00001114.JPEG.npy 0.1883790480001153 n01514859
1500000
0 2000000
0 600000000
0 65000
0 60000
0 69000
0 71000
0 50000
0
n01518878 ILSVRC2012_val_00001031.JPEG.npy 0.1873109260000092 n01518878
1500000
0 2000000
0 600000000
0 65000
0 59000
0 67000
0 69000
0 50000
0
n01518878 ILSVRC2012_val_00001398.JPEG.npy 0.18615359700015688 n01518878
Top1:  15 / 20 0.75 
Top5:  18 / 20 0.9
Total time:  7.0476624630000515
Avg per img time:  0.18941995805000716
