Your ArmNN library instance does not support Onnx models parser functionality.  Skipped IOnnxParser import.
300000
Working with ARMNN 28.0.0

tensor id: 0,
tensor info: TensorInfo{DataType: 1, IsQuantized: 0, QuantizationScale: 0.000000, QuantizationOffset: 0, IsConstant: 1, NumDimensions: 4, NumElements: 150528}

0 2000000
0 600000000
0 54000
0 53000
0 54000
0 57000
0 46000
0
n01440764 ILSVRC2012_val_00002138.JPEG.npy 0.47368360900009066 n02167151
600000
0 2000000
0 600000000
0 59000
0 57000
0 61000
0 63000
0 47000
0
n01440764 ILSVRC2012_val_00000293.JPEG.npy 0.4194775189998836 n01695060
300000
0 2000000
0 600000000
0 60000
0 57000
0 61000
0 62000
0 48000
0
n01443537 ILSVRC2012_val_00000236.JPEG.npy 0.44498808999969697 n01950731
1500000
0 2000000
0 600000000
0 63000
0 58000
0 62000
0 66000
0 49000
0
n01443537 ILSVRC2012_val_00000262.JPEG.npy 0.4280133620000015 n04296562
300000
0 2000000
0 600000000
0 61000
0 59000
0 61000
0 64000
0 50000
0
n01484850 ILSVRC2012_val_00002752.JPEG.npy 0.43437775500024145 n01484850
300000
0 2000000
0 600000000
0 62000
0 60000
0 64000
0 67000
0 49000
0
n01484850 ILSVRC2012_val_00002338.JPEG.npy 0.4160358650001399 n01484850
300000
0 2000000
0 600000000
0 62000
0 60000
0 62000
0 66000
0 50000
0
n01491361 ILSVRC2012_val_00002922.JPEG.npy 0.43269626099981906 n01484850
300000
0 2000000
0 600000000
0 65000
0 59000
0 67000
0 68000
0 50000
0
n01491361 ILSVRC2012_val_00002969.JPEG.npy 0.4239564189997509 n01484850
300000
0 2000000
0 600000000
0 62000
0 60000
0 63000
0 67000
0 50000
0
n01494475 ILSVRC2012_val_00003558.JPEG.npy 0.4645691010000519 n01494475
300000
0 2000000
0 600000000
0 62000
0 60000
0 63000
0 66000
0 49000
0
n01494475 ILSVRC2012_val_00001676.JPEG.npy 0.4555488010000772 n02536864
300000
0 2000000
0 600000000
0 61000
0 60000
0 62000
0 65000
0 49000
0
n01496331 ILSVRC2012_val_00000921.JPEG.npy 0.4464645019997988 n01496331
200000
0 2000000
0 600000000
0 62000
0 60000
0 62000
0 66000
0 49000
0
n01496331 ILSVRC2012_val_00002207.JPEG.npy 0.44300297199970373 n01496331
300000
0 2000000
0 600000000
0 62000
0 60000
0 62000
0 65000
0 49000
0
n01498041 ILSVRC2012_val_00001935.JPEG.npy 0.4496249480002916 n01498041
300000
0 2000000
0 600000000
0 62000
0 60000
0 62000
0 65000
0 49000
0
n01498041 ILSVRC2012_val_00002284.JPEG.npy 0.4478698709999662 n01496331
200000
0 2000000
0 600000000
0 62000
0 60000
0 62000
0 65000
0 49000
0
n01514668 ILSVRC2012_val_00000911.JPEG.npy 0.4380451570000332 n01514668
300000
0 2000000
0 600000000
0 62000
0 60000
0 62000
0 66000
0 50000
0
n01514668 ILSVRC2012_val_00000329.JPEG.npy 0.4382514069998251 n01514668
300000
0 2000000
0 600000000
0 61000
0 60000
0 62000
0 66000
0 49000
0
n01514859 ILSVRC2012_val_00001368.JPEG.npy 0.4513678580001397 n01514859
200000
0 2000000
0 600000000
0 62000
0 60000
0 62000
0 66000
0 50000
0
n01514859 ILSVRC2012_val_00001114.JPEG.npy 0.44917290800003684 n01514859
400000
0 2000000
0 600000000
0 62000
0 60000
0 62000
0 66000
0 49000
0
n01518878 ILSVRC2012_val_00001031.JPEG.npy 0.457320252000045 n01518878
500000
0 2000000
0 600000000
0 63000
0 60000
0 65000
0 66000
0 50000
0
n01518878 ILSVRC2012_val_00001398.JPEG.npy 0.43207509600006233 n01518878
Top1:  12 / 20 0.6 
Top5:  19 / 20 0.95
Total time:  10.985046109999985
Avg per img time:  0.4423270876499828
