Your ArmNN library instance does not support Onnx models parser functionality.  Skipped IOnnxParser import.
1500000
Working with ARMNN 28.0.0

tensor id: 0,
tensor info: TensorInfo{DataType: 1, IsQuantized: 0, QuantizationScale: 0.000000, QuantizationOffset: 0, IsConstant: 1, NumDimensions: 4, NumElements: 150528}

0 2000000
0 600000000
0 56000
0 50000
0 59000
0 58000
0 43000
0
n01440764 ILSVRC2012_val_00002138.JPEG.npy 0.33607778799978405 n01440764
1500000
0 2000000
0 600000000
0 55000
0 51000
0 59000
0 60000
0 44000
0
n01440764 ILSVRC2012_val_00000293.JPEG.npy 0.27321285600010015 n02536864
1500000
0 2000000
0 600000000
0 56000
0 52000
0 60000
0 61000
0 44000
0
n01443537 ILSVRC2012_val_00000236.JPEG.npy 0.2724346919999334 n02607072
1500000
0 2000000
0 600000000
0 57000
0 49000
0 60000
0 57000
0 44000
0
n01443537 ILSVRC2012_val_00000262.JPEG.npy 0.2715193200001522 n10565667
1500000
0 2000000
0 600000000
0 48000
0 46000
0 56000
0 51000
0 43000
0
n01484850 ILSVRC2012_val_00002752.JPEG.npy 0.2659452580001016 n01484850
1500000
0 2000000
0 600000000
0 47000
0 45000
0 55000
0 50000
0 42000
0
n01484850 ILSVRC2012_val_00002338.JPEG.npy 0.267996334000145 n01484850
1500000
0 2000000
0 600000000
0 47000
0 45000
0 55000
0 50000
0 42000
0
n01491361 ILSVRC2012_val_00002922.JPEG.npy 0.26275631199996496 n01491361
1500000
0 2000000
0 600000000
0 46000
0 44000
0 54000
0 49000
0 42000
0
n01491361 ILSVRC2012_val_00002969.JPEG.npy 0.2648141790000409 n01491361
1500000
0 2000000
0 600000000
0 46000
0 44000
0 54000
0 49000
0 41000
0
n01494475 ILSVRC2012_val_00003558.JPEG.npy 0.26241127100001904 n01494475
1500000
0 2000000
0 600000000
0 46000
0 44000
0 53000
0 48000
0 41000
0
n01494475 ILSVRC2012_val_00001676.JPEG.npy 0.2664001310004096 n02091032
1500000
0 2000000
0 600000000
0 45000
0 44000
0 53000
0 48000
0 41000
0
n01496331 ILSVRC2012_val_00000921.JPEG.npy 0.2652834269997584 n01496331
1500000
0 2000000
0 600000000
0 46000
0 43000
0 47000
0 52000
0 41000
0
n01496331 ILSVRC2012_val_00002207.JPEG.npy 0.26747000199975446 n01496331
1500000
0 2000000
0 600000000
0 46000
0 43000
0 46000
0 52000
0 41000
0
n01498041 ILSVRC2012_val_00001935.JPEG.npy 0.2671864209996784 n01498041
1500000
0 2000000
0 600000000
0 50000
0 43000
0 47000
0 54000
0 41000
0
n01498041 ILSVRC2012_val_00002284.JPEG.npy 0.3003497550002976 n01498041
1500000
0 2000000
0 600000000
0 47000
0 43000
0 47000
0 53000
0 41000
0
n01514668 ILSVRC2012_val_00000911.JPEG.npy 0.2636986409997917 n01514859
1500000
0 2000000
0 600000000
0 46000
0 43000
0 46000
0 53000
0 41000
0
n01514668 ILSVRC2012_val_00000329.JPEG.npy 0.2622746880001614 n01514668
1500000
0 2000000
0 600000000
0 46000
0 43000
0 46000
0 52000
0 41000
0
n01514859 ILSVRC2012_val_00001368.JPEG.npy 0.26332605900006456 n01514859
1500000
0 2000000
0 600000000
0 46000
0 43000
0 46000
0 52000
0 41000
0
n01514859 ILSVRC2012_val_00001114.JPEG.npy 0.2676823350002451 n01514859
1500000
0 2000000
0 600000000
0 46000
0 43000
0 46000
0 52000
0 41000
0
n01518878 ILSVRC2012_val_00001031.JPEG.npy 0.26469863800002713 n01518878
1500000
0 2000000
0 600000000
0 46000
0 43000
0 46000
0 52000
0 41000
0
n01518878 ILSVRC2012_val_00001398.JPEG.npy 0.26296918600019126 n01518878
Top1:  15 / 20 0.75 
Top5:  18 / 20 0.9
Total time:  8.73819307399981
Avg per img time:  0.27142536465003103
