Your ArmNN library instance does not support Onnx models parser functionality.  Skipped IOnnxParser import.
1500000
Working with ARMNN 28.0.0

tensor id: 0,
tensor info: TensorInfo{DataType: 1, IsQuantized: 0, QuantizationScale: 0.000000, QuantizationOffset: 0, IsConstant: 1, NumDimensions: 4, NumElements: 154587}

0 2000000
0 600000000
0 50000
0 45000
0 53000
0 52000
0 40000
0
n01440764 ILSVRC2012_val_00002138.JPEG.npy 0.06995640500008449 n02174001
1500000
0 2000000
0 600000000
0 51000
0 46000
0 55000
0 54000
0 41000
0
n01440764 ILSVRC2012_val_00000293.JPEG.npy 0.05932261199995992 n02640242
1500000
0 2000000
0 600000000
0 52000
0 46000
0 56000
0 54000
0 41000
0
n01443537 ILSVRC2012_val_00000236.JPEG.npy 0.057524952000221674 n01950731
1500000
0 2000000
0 600000000
0 52000
0 47000
0 56000
0 55000
0 41000
0
n01443537 ILSVRC2012_val_00000262.JPEG.npy 0.05818865800029016 n01443537
1500000
0 2000000
0 600000000
0 53000
0 47000
0 57000
0 55000
0 42000
0
n01484850 ILSVRC2012_val_00002752.JPEG.npy 0.05775091000032262 n01484850
1500000
0 2000000
0 600000000
0 53000
0 47000
0 57000
0 56000
0 42000
0
n01484850 ILSVRC2012_val_00002338.JPEG.npy 0.05825924100008706 n01484850
1500000
0 2000000
0 600000000
0 53000
0 47000
0 58000
0 56000
0 42000
0
n01491361 ILSVRC2012_val_00002922.JPEG.npy 0.05925019500000417 n01491361
1500000
0 2000000
0 600000000
0 53000
0 48000
0 58000
0 57000
0 42000
0
n01491361 ILSVRC2012_val_00002969.JPEG.npy 0.059272903999953996 n01491361
1500000
0 2000000
0 600000000
0 53000
0 48000
0 58000
0 57000
0 42000
0
n01494475 ILSVRC2012_val_00003558.JPEG.npy 0.05999785999983942 n01494475
1500000
0 2000000
0 600000000
0 54000
0 48000
0 59000
0 58000
0 43000
0
n01494475 ILSVRC2012_val_00001676.JPEG.npy 0.06028177600001072 n02006656
1500000
0 2000000
0 600000000
0 54000
0 48000
0 59000
0 58000
0 43000
0
n01496331 ILSVRC2012_val_00000921.JPEG.npy 0.059351362000143126 n01496331
1500000
0 2000000
0 600000000
0 54000
0 49000
0 59000
0 58000
0 43000
0
n01496331 ILSVRC2012_val_00002207.JPEG.npy 0.058346491000065726 n01496331
1500000
0 2000000
0 600000000
0 55000
0 48000
0 59000
0 58000
0 44000
0
n01498041 ILSVRC2012_val_00001935.JPEG.npy 0.060318941000332416 n01498041
1400000
0 2000000
0 600000000
0 56000
0 49000
0 59000
0 58000
0 44000
0
n01498041 ILSVRC2012_val_00002284.JPEG.npy 0.06069668999998612 n01498041
1500000
0 2000000
0 600000000
0 54000
0 49000
0 59000
0 59000
0 43000
0
n01514668 ILSVRC2012_val_00000911.JPEG.npy 0.05916140399995129 n01514859
1500000
0 2000000
0 600000000
0 56000
0 49000
0 60000
0 59000
0 44000
0
n01514668 ILSVRC2012_val_00000329.JPEG.npy 0.06967390699992393 n01514668
1400000
0 2000000
0 600000000
0 55000
0 50000
0 60000
0 59000
0 44000
0
n01514859 ILSVRC2012_val_00001368.JPEG.npy 0.060286233999704564 n01514859
1500000
0 2000000
0 600000000
0 56000
0 50000
0 60000
0 60000
0 44000
0
n01514859 ILSVRC2012_val_00001114.JPEG.npy 0.05905686300002344 n01514859
1500000
0 2000000
0 600000000
0 57000
0 49000
0 60000
0 59000
0 45000
0
n01518878 ILSVRC2012_val_00001031.JPEG.npy 0.060645398999895406 n01518878
1400000
0 2000000
0 600000000
0 57000
0 50000
0 60000
0 60000
0 45000
0
n01518878 ILSVRC2012_val_00001398.JPEG.npy 0.060286526000254526 n01518878
Top1:  15 / 20 0.75 
Top5:  17 / 20 0.85
Total time:  2.9440530599999875
Avg per img time:  0.06038146650005274
